S  6c 67 64 0 0 0 0 0 0 0 0 0 0 0 0 0
I 1 0 78 0 0 0 0 0 0 0 0 0 0 0 0 0 0 0
A 4107
 65535
A 4106
 0
A 4102
 65535
A 4101
 0
A 4094
 65535
A 4093
 0
A 4088
 65535
A 4086
 0
A 4071
 65535
A 4070
 0
A 4066
 65535
A 4065
 0
A 4056
 7040
A 4047
 7016
A 4045
 7009
A 4044
 7018
A 4040
 7010
A 4039
 7019
A 4032
 7012
A 4031
 7019
A 4029
 7009
A 4025
 7020
A 4024
 7006
A 4007
 7043
A 3100
 7049
A 3093
 7056
A 3080
 7115
A 3079
 1969
A 3076
 1997
A 3072
 6793
A 3071
 6808
A 3067
 2025
A 3065
 2036
A 3060
 2051
A 3057
 2061
A 3056
 2070
A 3034
 23
A 3033
 268
A 3032
 9
A 3031
 21
A 3029
 30
A 3027
 19
A 3025
 28
A 3023
 17
A 3020
 27
A 2544
 7000
A 2268
 7050
A 3
 6951
A 2
 6953
A 1
 0
E
I 1 0 78 47 61 69 6e 0 0 0 0 0 0 0 0 0 0 0
A 1
 0
E
I 1 0 79 0 0 0 0 0 0 0 0 0 0 0 0 0 0 0
A 4106
 0
A 4105
 65535
A 4104
 0
A 4095
 65535
A 4094
 0
A 4090
 65535
A 4088
 0
A 4086
 65535
A 4085
 0
A 4065
 65535
A 4006
 5302
A 3093
 5308
A 3080
 5337
A 3076
 5345
A 3073
 5322
A 3072
 5341
A 3071
 5355
A 3067
 5297
A 3056
 5308
A 3034
 16
A 3033
 204
A 3032
 8
A 3031
 15
A 3029
 23
A 3027
 14
A 3025
 23
A 3023
 14
A 3020
 21
A 2544
 5336
A 2268
 5222
A 3
 5161
A 2
 5161
A 1
 0
E
I 1 0 79 47 61 69 6e 0 0 0 0 0 0 0 0 0 0 0
A 6
 0
A 5
 3
A 1
 0
E
E
S  6e 6f 72 6d 0 0 0 0 0 0 0 0 0 0 0 0
I 1 0 67 61 69 6e 0 0 0 0 0 0 0 0 0 0 0 0
A 1
 0
E
I 1 0 76 61 6c 75 65 0 0 0 0 0 0 0 0 0 0 0
A 4105
 65535
A 4104
 0
A 4098
 65534
A 4097
 0
A 4095
 65535
A 4094
 0
A 4065
 65535
A 3080
 18840
A 3077
 18833
A 3071
 18839
A 3068
 18833
A 3056
 18827
A 3034
 64
A 3033
 24
A 3032
 30
A 3031
 59
A 3030
 71
A 3029
 83
A 3028
 62
A 3027
 55
A 3026
 71
A 3025
 81
A 3024
 63
A 3023
 51
A 3021
 62
A 3020
 75
A 2544
 18814
A 2268
 18820
A 2
 65527
A 1
 0
E
E
S  72 70 64 0 0 0 0 0 0 0 0 0 0 0 0 0
I 1 0 78 0 0 0 0 0 0 0 0 0 0 0 0 0 0 0
A 4101
 65535
A 4100
 0
A 4098
 65535
A 4097
 0
A 4090
 65535
A 4085
 0
A 4083
 65535
A 4078
 0
A 4066
 65535
A 4065
 0
A 4032
 11862
A 4023
 11868
A 4019
 11874
A 4009
 11853
A 3095
 11860
A 3093
 11878
A 3079
 11844
A 3076
 12012
A 3072
 12019
A 3071
 12025
A 3070
 12010
A 3069
 11845
A 3062
 11851
A 3056
 12443
A 3034
 39
A 3033
 455
A 3032
 18
A 3031
 38
A 3030
 44
A 3029
 53
A 3027
 32
A 3026
 44
A 3025
 50
A 3024
 39
A 3023
 31
A 3021
 38
A 3020
 47
A 3011
 11856
A 3010
 11864
A 3007
 11847
A 3006
 11794
A 3005
 11848
A 3004
 11847
A 3003
 11849
A 3002
 11851
A 3001
 11968
A 2544
 11841
A 2268
 11847
A 3
 11801
A 2
 11801
A 1
 0
E
I 1 0 78 47 61 69 6e 0 0 0 0 0 0 0 0 0 0 0
A 1
 0
E
I 1 0 79 0 0 0 0 0 0 0 0 0 0 0 0 0 0 0
A 4105
 65535
A 4104
 0
A 4103
 65535
A 4102
 1
A 4095
 65534
A 4094
 0
A 4092
 65535
A 4091
 0
A 4080
 65535
A 4078
 0
A 4065
 65535
A 4045
 7663
A 4022
 7669
A 4020
 7681
A 3093
 7687
A 3091
 7673
A 3079
 7680
A 3072
 7671
A 3065
 7677
A 3062
 7691
A 3056
 7655
A 3034
 25
A 3033
 300
A 3032
 12
A 3031
 24
A 3029
 33
A 3027
 22
A 3025
 33
A 3021
 24
A 3020
 31
A 3016
 7754
A 3006
 7766
A 3001
 7772
A 2544
 7756
A 2268
 7705
A 3
 8989
A 2
 8989
A 1
 0
E
I 1 0 79 47 61 69 6e 0 0 0 0 0 0 0 0 0 0 0
A 6
 0
A 5
 -268437184
A 1
 0
E
I 1 0 7a 0 0 0 0 0 0 0 0 0 0 0 0 0 0 0
A 4096
 65535
A 4095
 0
A 4092
 65535
A 4091
 0
A 4086
 65535
A 4085
 1
A 4078
 65535
A 4077
 0
A 4065
 65535
A 3083
 7472
A 3056
 7466
A 3034
 25
A 3033
 287
A 3032
 11
A 3030
 25
A 3029
 32
A 3027
 19
A 3025
 31
A 3021
 22
A 3020
 30
A 2544
 7453
A 2268
 7459
A 4
 240
A 1
 0
E
I 1 0 7a 47 61 69 6e 0 0 0 0 0 0 0 0 0 0 0
A 6
 0
A 5
 5
A 1
 0
E
E
E
