S  47 65 6e 65 72 61 6c 0 0 0 0 0 0 0 0 0
I 1 0 6e 43 68 61 6e 6e 65 6c 73 0 0 0 0 0 0 0
A 852817276
 784
E
E
S  48 61 72 64 77 61 72 65 0 0 0 0 0 0 0 0
I 784 0 63 61 62 6c 65 0 0 0 0 0 0 0 0 0 0 0
A 863588324
 0 0 0 0 0 0 0 0 0 0
 0 0 0 0 0 0 0 0 0 0
 0 0 0 0 0 0 0 0 0 0
 0 0 0 0 0 0 0 0 0 0
 0 0 0 0 0 0 0 0 0 0
 0 0 0 0 0 0 0 0 0 0
 0 0 0 0 0 0 0 0 0 0
 0 0 0 0 0 0 0 0 0 0
 0 0 0 0 0 0 0 0 0 0
 0 0 0 0 0 0 0 0 0 0
 0 0 0 0 0 0 0 0 0 0
 0 0 0 0 0 0 0 0 0 0
 0 0 0 0 0 0 41 93 37 32
 0 0 0 0 0 0 0 0 0 0
 0 0 0 0 0 0 0 0 68 23
 69 11 12 22 39 36 34 43 33 35
 0 0 0 0 0 0 0 0 0 0
 0 0 0 0 0 59 114 38 112 42
 47 96 107 105 106 94 98 46 56 0
 0 0 0 0 0 0 0 0 0 0
 0 0 125 124 126 127 128 122 121 123
 167 151 165 168 154 169 153 166 0 0
 0 0 0 0 0 0 0 0 0 7
 1 8 9 162 195 10 6 102 202 203
 155 25 79 30 204 100 103 0 0 0
 0 0 0 0 0 0 0 161 201 160
 198 196 163 197 199 200 146 143 142 144
 147 63 150 145 149 0 0 0 0 0
 0 0 0 0 222 312 227 221 317 224
 219 225 220 321 15 45 14 60 57 16
 18 17 50 13 0 0 0 0 0 0
 0 0 273 325 188 276 187 275 190 192
 189 271 206 252 331 211 207 213 319 254
 329 298 0 0 0 0 0 0 0 0
 193 191 296 272 226 215 324 194 218 274
 309 345 336 343 338 349 342 346 344 291
 0 0 0 0 0 0 0 0 279 299
 263 295 185 269 268 186 270 0 0 116
 184 115 156 148 141 182 118 117 0 0
 0 0 0 0 0 0 157 180 159 158
 315 178 175 179 181 0 0 26 24 20
 109 119 29 27 21 19 0 0 0 0
 0 0 0 0 348 242 255 306 347 341
 350 340 251 339 205 246 332 212 208 209
 247 305 214 210 0 0 0 0 0 0
 0 0 301 304 327 300 328 253 292 303
 326 261 310 238 289 290 335 230 311 234
 229 307 0 0 0 0 0 0 0 0
 322 323 216 318 217 334 320 313 314 316
 231 240 235 239 232 308 233 237 236 228
 0 0 0 0 0 0 0 0 0 5
 4 3 2 172 171 174 173 170 337 284
 285 297 281 288 286 287 282 0 0 0
 0 0 0 0 0 0 0 277 257 266
 244 256 243 278 280 241 89 110 131 99
 130 86 132 88 90 0 0 0 0 0
 0 0 0 0 0 0 135 136 134 164
 97 73 74 133 61 62 137 87 138 64
 140 85 0 0 0 0 0 0 0 0
 0 0 0 0 0 51 58 53 113 55
 40 52 92 91 104 95 77 78 76 0
 0 0 0 0 0 0 0 0 0 0
 0 0 0 0 120 75 80 330 283 67
 333 248 250 302 245 294 0 0 0 0
 0 0 0 0 0 0 0 0 0 0
 0 0 0 0 71 28 139 70 260 267
 249 293 0 0 0 0 0 0 0 0
 0 0 0 0 0 0 0 0 0 0
 0 0 0 0 0 0 0 0 0 0
 0 0 0 0 0 0 0 0 0 0
 0 0 0 0 0 0 0 0 0 0
 0 0 0 0 0 0 0 0 0 0
 0 0 0 0 0 0 0 0 0 0
 0 0 0 0 0 0 0 0 0 0
 0 0 0 0 0 0 0 0 0 0
 0 0 0 0 0 0 0 0 0 0
 0 0 0 0 0 0 0 0 0 0
 0 0 0 0 0 0 0 0 0 0
 0 0 0 0
A 863587590
 0 0 0 0 0 0 0 0 0 0
 0 0 0 0 0 0 0 0 0 0
 0 0 0 0 0 0 0 0 0 0
 0 0 0 0 0 0 0 0 0 0
 0 0 0 0 0 0 0 0 0 0
 0 0 0 0 0 0 0 0 0 0
 0 0 0 0 0 0 0 0 0 0
 0 0 0 0 0 0 0 0 0 0
 0 0 0 0 0 0 0 0 0 0
 0 0 0 0 0 0 0 0 0 0
 0 0 0 0 0 0 0 0 0 0
 0 0 0 0 0 0 0 0 0 0
 0 0 0 0 0 0 0 0 0 0
 0 0 0 0 0 0 0 0 0 0
 0 0 0 0 0 0 0 0 0 0
 0 0 0 0 0 0 0 0 0 0
 0 0 0 0 0 0 0 0 0 0
 0 0 0 0 0 0 0 0 0 0
 0 0 0 0 0 0 0 0 0 0
 0 0 0 0 0 0 0 0 0 0
 0 0 0 0 0 0 0 0 0 0
 0 0 0 0 0 0 0 0 0 0
 0 0 0 0 0 0 0 0 0 0
 0 0 0 0 0 0 0 0 0 0
 0 0 0 0 0 0 0 0 0 0
 0 0 0 0 0 0 0 0 0 0
 0 0 0 0 0 0 0 0 0 0
 0 0 0 0 0 0 0 0 0 0
 0 0 0 0 0 0 0 0 0 0
 0 0 0 0 0 0 0 0 0 0
 0 0 0 0 0 0 0 0 0 0
 0 0 0 0 0 0 0 0 0 0
 0 0 0 0 0 0 0 0 0 0
 0 0 0 0 0 0 0 0 0 0
 0 0 0 0 0 0 0 0 0 0
 0 0 0 0 0 0 0 0 0 0
 0 0 0 0 0 0 0 0 0 0
 0 0 0 0 0 0 0 0 0 0
 0 0 0 0 0 0 0 0 0 0
 0 0 0 0 0 0 0 0 0 0
 0 0 0 0 0 0 0 0 0 0
 0 0 0 0 0 0 0 0 0 0
 0 0 0 0 0 0 0 0 0 0
 0 0 0 0 0 0 0 0 0 0
 0 0 0 0 0 0 0 0 0 0
 0 0 0 0 0 0 0 0 0 0
 0 0 0 0 0 0 0 0 0 0
 0 0 0 0 0 0 0 0 0 0
 0 0 0 0 0 0 0 0 0 0
 0 0 0 0 0 0 0 0 0 0
 0 0 0 0 0 0 0 0 0 0
 0 0 0 0 0 0 0 0 0 0
 0 0 0 0 0 0 0 0 0 0
 0 0 0 0 0 0 0 0 0 0
 0 0 0 0 0 0 0 0 0 0
 0 0 0 0 0 0 0 0 0 0
 0 0 0 0 0 0 0 0 0 0
 0 0 0 0 0 0 0 0 0 0
 0 0 0 0 0 0 0 0 0 0
 0 0 0 0 0 0 0 0 0 0
 0 0 0 0 0 0 0 0 0 0
 0 0 0 0 0 0 0 0 0 0
 0 0 0 0 0 0 0 0 0 0
 0 0 0 0 0 0 0 0 0 0
 0 0 0 0 0 0 0 0 0 0
 0 0 0 0 0 0 0 0 0 0
 0 0 0 0 0 0 0 0 0 0
 0 0 0 0 0 0 0 0 0 0
 0 0 0 0 0 0 0 0 0 0
 0 0 0 0 0 0 0 0 0 0
 0 0 0 0 0 0 0 0 0 0
 0 0 0 0 0 0 0 0 0 0
 0 0 0 0 0 0 0 0 0 0
 0 0 0 0 0 0 0 0 0 0
 0 0 0 0 0 0 0 0 0 0
 0 0 0 0 0 0 0 0 0 0
 0 0 0 0 0 0 0 0 0 0
 0 0 0 0 0 0 0 0 0 0
 0 0 0 0
A 852817281
 -1 -1 -1 -1 -1 -1 -1 -1 -1 -1
 -1 -1 -1 -1 -1 -1 -1 -1 -1 -1
 -1 -1 -1 -1 -1 -1 -1 -1 -1 -1
 -1 -1 -1 -1 -1 -1 -1 -1 -1 -1
 -1 -1 -1 -1 -1 -1 -1 -1 -1 -1
 -1 -1 -1 -1 -1 -1 -1 -1 -1 -1
 -1 -1 -1 -1 -1 -1 -1 -1 -1 -1
 -1 -1 -1 -1 -1 -1 -1 -1 -1 -1
 -1 -1 -1 -1 -1 -1 -1 -1 -1 -1
 -1 -1 -1 -1 -1 -1 -1 -1 -1 -1
 -1 -1 -1 -1 -1 -1 -1 -1 -1 -1
 -1 -1 -1 -1 -1 -1 -1 -1 -1 -1
 -1 -1 122 123 124 125 126 127 128 129
 -1 -1 -1 -1 -1 -1 -1 -1 -1 -1
 -1 -1 -1 -1 -1 -1 -1 -1 148 149
 150 151 152 153 154 155 156 157 158 159
 -1 -1 -1 -1 -1 -1 -1 -1 -1 -1
 -1 -1 -1 -1 -1 175 176 177 178 179
 180 181 182 183 184 185 186 187 188 -1
 -1 -1 -1 -1 -1 -1 -1 -1 -1 -1
 -1 -1 202 203 204 205 206 207 208 209
 210 211 212 213 214 215 216 217 -1 -1
 -1 -1 -1 -1 -1 -1 -1 -1 -1 229
 230 231 232 233 234 235 236 237 238 239
 240 241 242 243 244 245 246 -1 -1 -1
 -1 -1 -1 -1 -1 -1 -1 257 258 259
 260 261 262 263 264 265 266 267 268 269
 270 271 272 273 274 -1 -1 -1 -1 -1
 -1 -1 -1 -1 284 285 286 287 288 289
 290 291 292 293 294 295 296 297 298 299
 300 301 302 303 -1 -1 -1 -1 -1 -1
 -1 -1 312 313 314 315 316 317 318 319
 320 321 322 323 324 325 326 327 328 329
 330 331 -1 -1 -1 -1 -1 -1 -1 -1
 340 341 342 343 344 345 346 347 348 349
 350 351 352 353 354 355 356 357 358 359
 -1 -1 -1 -1 -1 -1 -1 -1 368 369
 370 371 372 373 374 375 376 -1 -1 379
 380 381 382 383 384 385 386 387 -1 -1
 -1 -1 -1 -1 -1 -1 396 397 398 399
 400 401 402 403 404 -1 -1 407 408 409
 410 411 412 413 414 415 -1 -1 -1 -1
 -1 -1 -1 -1 424 425 426 427 428 429
 430 431 432 433 434 435 436 437 438 439
 440 441 442 443 -1 -1 -1 -1 -1 -1
 -1 -1 452 453 454 455 456 457 458 459
 460 461 462 463 464 465 466 467 468 469
 470 471 -1 -1 -1 -1 -1 -1 -1 -1
 480 481 482 483 484 485 486 487 488 489
 490 491 492 493 494 495 496 497 498 499
 -1 -1 -1 -1 -1 -1 -1 -1 -1 509
 510 511 512 513 514 515 516 517 518 519
 520 521 522 523 524 525 526 -1 -1 -1
 -1 -1 -1 -1 -1 -1 -1 537 538 539
 540 541 542 543 544 545 546 547 548 549
 550 551 552 553 554 -1 -1 -1 -1 -1
 -1 -1 -1 -1 -1 -1 566 567 568 569
 570 571 572 573 574 575 576 577 578 579
 580 581 -1 -1 -1 -1 -1 -1 -1 -1
 -1 -1 -1 -1 -1 595 596 597 598 599
 600 601 602 603 604 605 606 607 608 -1
 -1 -1 -1 -1 -1 -1 -1 -1 -1 -1
 -1 -1 -1 -1 624 625 626 627 628 629
 630 631 632 633 634 635 -1 -1 -1 -1
 -1 -1 -1 -1 -1 -1 -1 -1 -1 -1
 -1 -1 -1 -1 654 655 656 657 658 659
 660 661 -1 -1 -1 -1 -1 -1 -1 -1
 -1 -1 -1 -1 -1 -1 -1 -1 -1 -1
 -1 -1 -1 -1 -1 -1 -1 -1 -1 -1
 -1 -1 -1 -1 -1 -1 -1 -1 -1 -1
 -1 -1 -1 -1 -1 -1 -1 -1 -1 -1
 -1 -1 -1 -1 -1 -1 -1 -1 -1 -1
 -1 -1 -1 -1 -1 -1 -1 -1 -1 -1
 -1 -1 -1 -1 -1 -1 -1 -1 -1 -1
 -1 -1 -1 -1 -1 -1 -1 -1 -1 -1
 -1 -1 -1 -1 -1 -1 -1 -1 -1 -1
 -1 -1 -1 -1 -1 -1 -1 -1 -1 -1
 -1 -1 -1 -1 -1 -1 -1 -1 -1 -1
 -1 -1 -1 -1
A 852817277
 -1 -1 -1 -1 -1 -1 -1 -1 -1 -1
 -1 -1 -1 -1 -1 -1 -1 -1 -1 -1
 -1 -1 -1 -1 -1 -1 -1 -1 -1 -1
 -1 -1 -1 -1 -1 -1 -1 -1 -1 -1
 -1 -1 -1 -1 -1 -1 -1 -1 -1 -1
 -1 -1 -1 -1 -1 -1 -1 -1 -1 -1
 -1 -1 -1 -1 -1 -1 -1 -1 -1 -1
 -1 -1 -1 -1 -1 -1 -1 -1 -1 -1
 -1 -1 -1 -1 -1 -1 -1 -1 -1 -1
 -1 -1 -1 -1 -1 -1 -1 -1 -1 -1
 -1 -1 -1 -1 -1 -1 -1 -1 -1 -1
 -1 -1 -1 -1 -1 -1 -1 -1 -1 -1
 -1 -1 -1 -1 -1 -1 -1 -1 -1 -1
 -1 -1 -1 -1 -1 -1 -1 -1 -1 -1
 -1 -1 -1 -1 -1 -1 -1 -1 -1 -1
 -1 -1 -1 -1 -1 -1 -1 -1 -1 -1
 -1 -1 -1 -1 -1 -1 -1 -1 -1 -1
 -1 -1 -1 -1 -1 -1 -1 -1 -1 -1
 -1 -1 -1 -1 -1 -1 -1 -1 -1 -1
 -1 -1 -1 -1 -1 -1 -1 -1 -1 -1
 -1 -1 -1 -1 -1 -1 -1 -1 -1 -1
 -1 -1 -1 -1 -1 -1 -1 -1 -1 -1
 -1 -1 -1 -1 -1 -1 -1 -1 -1 -1
 -1 -1 -1 -1 -1 -1 -1 -1 -1 -1
 -1 -1 -1 -1 -1 -1 -1 -1 -1 -1
 -1 -1 -1 -1 -1 -1 -1 -1 -1 -1
 -1 -1 -1 -1 -1 -1 -1 -1 -1 -1
 -1 -1 -1 -1 -1 -1 -1 -1 -1 -1
 -1 -1 -1 -1 -1 -1 -1 -1 -1 -1
 -1 -1 -1 -1 -1 -1 -1 -1 -1 -1
 -1 -1 -1 -1 -1 -1 -1 -1 -1 -1
 -1 -1 -1 -1 -1 -1 -1 -1 -1 -1
 -1 -1 -1 -1 -1 -1 -1 -1 -1 -1
 -1 -1 -1 -1 -1 -1 -1 -1 -1 -1
 -1 -1 -1 -1 -1 -1 -1 -1 -1 -1
 -1 -1 -1 -1 -1 -1 -1 -1 -1 -1
 -1 -1 -1 -1 -1 -1 -1 -1 -1 -1
 -1 -1 -1 -1 -1 -1 -1 -1 -1 -1
 -1 -1 -1 -1 -1 -1 -1 -1 -1 -1
 -1 -1 -1 -1 -1 -1 -1 -1 -1 -1
 -1 -1 -1 -1 -1 -1 -1 -1 -1 -1
 -1 -1 -1 -1 -1 -1 -1 -1 -1 -1
 -1 -1 -1 -1 -1 -1 -1 -1 -1 -1
 -1 -1 -1 -1 -1 -1 -1 -1 -1 -1
 -1 -1 -1 -1 -1 -1 -1 -1 -1 -1
 -1 -1 -1 -1 -1 -1 -1 -1 -1 -1
 -1 -1 -1 -1 -1 -1 -1 -1 -1 -1
 -1 -1 -1 -1 -1 -1 -1 -1 -1 -1
 -1 -1 -1 -1 -1 -1 -1 -1 -1 -1
 -1 -1 -1 -1 -1 -1 -1 -1 -1 -1
 -1 -1 -1 -1 -1 -1 -1 -1 -1 -1
 -1 -1 -1 -1 -1 -1 -1 -1 -1 -1
 -1 -1 -1 -1 -1 -1 -1 -1 -1 -1
 -1 -1 -1 -1 -1 -1 -1 -1 -1 -1
 -1 -1 -1 -1 -1 -1 -1 -1 -1 -1
 -1 -1 -1 -1 -1 -1 -1 -1 -1 -1
 -1 -1 -1 -1 -1 -1 -1 -1 -1 -1
 -1 -1 -1 -1 -1 -1 -1 -1 -1 -1
 -1 -1 -1 -1 -1 -1 -1 -1 -1 -1
 -1 -1 -1 -1 -1 -1 -1 -1 -1 -1
 -1 -1 -1 -1 -1 -1 -1 -1 -1 -1
 -1 -1 -1 -1 -1 -1 -1 -1 -1 -1
 -1 -1 -1 -1 -1 -1 -1 -1 -1 -1
 -1 -1 -1 -1 -1 -1 -1 -1 -1 -1
 -1 -1 -1 -1 -1 -1 -1 -1 -1 -1
 -1 -1 -1 -1 -1 -1 -1 -1 -1 -1
 -1 -1 -1 -1 -1 -1 -1 -1 -1 -1
 -1 -1 -1 -1 -1 -1 -1 -1 -1 -1
 -1 -1 -1 -1 -1 -1 -1 -1 -1 -1
 -1 -1 -1 -1 -1 -1 -1 -1 -1 -1
 -1 -1 -1 -1 -1 -1 -1 -1 -1 -1
 -1 -1 -1 -1 -1 -1 -1 -1 -1 -1
 -1 -1 -1 -1 -1 -1 -1 -1 -1 -1
 -1 -1 -1 -1 -1 -1 -1 -1 -1 -1
 -1 -1 -1 -1 -1 -1 -1 -1 -1 -1
 -1 -1 -1 -1 -1 -1 -1 -1 -1 -1
 -1 -1 -1 -1 -1 -1 -1 -1 -1 -1
 -1 -1 -1 -1 -1 -1 -1 -1 -1 -1
 -1 -1 -1 -1
E
I 784 0 69 6e 73 74 72 75 6d 65 6e 74 65 64 0 0 0 0
A 852817281
 0 0 0 0 0 0 0 0 0 0
 0 0 0 0 0 0 0 0 0 0
 0 0 0 0 0 0 0 0 0 0
 0 0 0 0 0 0 0 0 0 0
 0 0 0 0 0 0 0 0 0 0
 0 0 0 0 0 0 0 0 0 0
 0 0 0 0 0 0 0 0 0 0
 0 0 0 0 0 0 0 0 0 0
 0 0 0 0 0 0 0 0 0 0
 0 0 0 0 0 0 0 0 0 0
 0 0 0 0 0 0 0 0 0 0
 0 0 0 0 0 0 0 0 0 0
 0 0 1 1 1 1 1 1 1 1
 0 0 0 0 0 0 0 0 0 0
 0 0 0 0 0 0 0 0 1 1
 1 1 1 1 1 1 1 1 1 1
 0 0 0 0 0 0 0 0 0 0
 0 0 0 0 0 1 1 1 1 1
 1 1 1 1 1 1 1 1 1 0
 0 0 0 0 0 0 0 0 0 0
 0 0 1 1 1 1 1 1 1 1
 1 1 1 1 1 1 1 1 0 0
 0 0 0 0 0 0 0 0 0 1
 1 1 1 1 1 1 1 1 1 1
 1 1 1 1 1 1 1 0 0 0
 0 0 0 0 0 0 0 1 1 1
 1 1 1 1 1 1 1 1 1 1
 1 1 1 1 1 0 0 0 0 0
 0 0 0 0 1 1 1 1 1 1
 1 1 1 1 1 1 1 1 1 1
 1 1 1 1 0 0 0 0 0 0
 0 0 1 1 1 1 1 1 1 1
 1 1 1 1 1 1 1 1 1 1
 1 1 0 0 0 0 0 0 0 0
 1 1 1 1 1 1 1 1 1 1
 1 1 1 1 1 1 1 1 1 1
 0 0 0 0 0 0 0 0 1 1
 1 1 1 1 1 1 1 0 0 1
 1 1 1 1 1 1 1 1 0 0
 0 0 0 0 0 0 1 1 1 1
 1 1 1 1 1 0 0 1 1 1
 1 1 1 1 1 1 0 0 0 0
 0 0 0 0 1 1 1 1 1 1
 1 1 1 1 1 1 1 1 1 1
 1 1 1 1 0 0 0 0 0 0
 0 0 1 1 1 1 1 1 1 1
 1 1 1 1 1 1 1 1 1 1
 1 1 0 0 0 0 0 0 0 0
 1 1 1 1 1 1 1 1 1 1
 1 1 1 1 1 1 1 1 1 1
 0 0 0 0 0 0 0 0 0 1
 1 1 1 1 1 1 1 1 1 1
 1 1 1 1 1 1 1 0 0 0
 0 0 0 0 0 0 0 1 1 1
 1 1 1 1 1 1 1 1 1 1
 1 1 1 1 1 0 0 0 0 0
 0 0 0 0 0 0 1 1 1 1
 1 1 1 1 1 1 1 1 1 1
 1 1 0 0 0 0 0 0 0 0
 0 0 0 0 0 1 1 1 1 1
 1 1 1 1 1 1 1 1 1 0
 0 0 0 0 0 0 0 0 0 0
 0 0 0 0 1 1 1 1 1 1
 1 1 1 1 1 1 0 0 0 0
 0 0 0 0 0 0 0 0 0 0
 0 0 0 0 1 1 1 1 1 1
 1 1 0 0 0 0 0 0 0 0
 0 0 0 0 0 0 0 0 0 0
 0 0 0 0 0 0 0 0 0 0
 0 0 0 0 0 0 0 0 0 0
 0 0 0 0 0 0 0 0 0 0
 0 0 0 0 0 0 0 0 0 0
 0 0 0 0 0 0 0 0 0 0
 0 0 0 0 0 0 0 0 0 0
 0 0 0 0 0 0 0 0 0 0
 0 0 0 0 0 0 0 0 0 0
 0 0 0 0 0 0 0 0 0 0
 0 0 0 0 0 0 0 0 0 0
 0 0 0 0
A 852817277
 0 0 0 0 0 0 0 0 0 0
 0 0 0 0 0 0 0 0 0 0
 0 0 0 0 0 0 0 0 0 0
 0 0 0 0 0 0 0 0 0 0
 0 0 0 0 0 0 0 0 0 0
 0 0 0 0 0 0 0 0 0 0
 0 0 0 0 0 0 0 0 0 0
 0 0 0 0 0 0 0 0 0 0
 0 0 0 0 0 0 0 0 0 0
 0 0 0 0 0 0 0 0 0 0
 0 0 0 0 0 0 0 0 0 0
 0 0 0 0 0 0 0 0 0 0
 0 0 0 0 0 0 0 0 0 0
 0 0 0 0 0 0 0 0 0 0
 0 0 0 0 0 0 0 0 0 0
 0 0 0 0 0 0 0 0 0 0
 0 0 0 0 0 0 0 0 0 0
 0 0 0 0 0 0 0 0 0 0
 0 0 0 0 0 0 0 0 0 0
 0 0 0 0 0 0 0 0 0 0
 0 0 0 0 0 0 0 0 0 0
 0 0 0 0 0 0 0 0 0 0
 0 0 0 0 0 0 0 0 0 0
 0 0 0 0 0 0 0 0 0 0
 0 0 0 0 0 0 0 0 0 0
 0 0 0 0 0 0 0 0 0 0
 0 0 0 0 0 0 0 0 0 0
 0 0 0 0 0 0 0 0 0 0
 0 0 0 0 0 0 0 0 0 0
 0 0 0 0 0 0 0 0 0 0
 0 0 0 0 0 0 0 0 0 0
 0 0 0 0 0 0 0 0 0 0
 0 0 0 0 0 0 0 0 0 0
 0 0 0 0 0 0 0 0 0 0
 0 0 0 0 0 0 0 0 0 0
 0 0 0 0 0 0 0 0 0 0
 0 0 0 0 0 0 0 0 0 0
 0 0 0 0 0 0 0 0 0 0
 0 0 0 0 0 0 0 0 0 0
 0 0 0 0 0 0 0 0 0 0
 0 0 0 0 0 0 0 0 0 0
 0 0 0 0 0 0 0 0 0 0
 0 0 0 0 0 0 0 0 0 0
 0 0 0 0 0 0 0 0 0 0
 0 0 0 0 0 0 0 0 0 0
 0 0 0 0 0 0 0 0 0 0
 0 0 0 0 0 0 0 0 0 0
 0 0 0 0 0 0 0 0 0 0
 0 0 0 0 0 0 0 0 0 0
 0 0 0 0 0 0 0 0 0 0
 0 0 0 0 0 0 0 0 0 0
 0 0 0 0 0 0 0 0 0 0
 0 0 0 0 0 0 0 0 0 0
 0 0 0 0 0 0 0 0 0 0
 0 0 0 0 0 0 0 0 0 0
 0 0 0 0 0 0 0 0 0 0
 0 0 0 0 0 0 0 0 0 0
 0 0 0 0 0 0 0 0 0 0
 0 0 0 0 0 0 0 0 0 0
 0 0 0 0 0 0 0 0 0 0
 0 0 0 0 0 0 0 0 0 0
 0 0 0 0 0 0 0 0 0 0
 0 0 0 0 0 0 0 0 0 0
 0 0 0 0 0 0 0 0 0 0
 0 0 0 0 0 0 0 0 0 0
 0 0 0 0 0 0 0 0 0 0
 0 0 0 0 0 0 0 0 0 0
 0 0 0 0 0 0 0 0 0 0
 0 0 0 0 0 0 0 0 0 0
 0 0 0 0 0 0 0 0 0 0
 0 0 0 0 0 0 0 0 0 0
 0 0 0 0 0 0 0 0 0 0
 0 0 0 0 0 0 0 0 0 0
 0 0 0 0 0 0 0 0 0 0
 0 0 0 0 0 0 0 0 0 0
 0 0 0 0 0 0 0 0 0 0
 0 0 0 0 0 0 0 0 0 0
 0 0 0 0 0 0 0 0 0 0
 0 0 0 0
E
E
S  53 74 61 74 75 73 0 0 0 0 0 0 0 0 0 0
I 784 0 73 65 74 70 6f 69 6e 74 0 0 0 0 0 0 0 0
A 869964296
 1000 1000 1000 1000 1000 1000 1000 1000 1000 1000
 1000 1000 1000 1000 1000 1000 1000 1000 1000 1000
 1000 1000 1000 1000 1000 1000 1000 1000 1000 1000
 1000 1000 1000 1000 1000 1000 1000 1000 1000 1000
 1000 1000 1000 1000 1000 1000 1000 1000 1000 1000
 1000 1000 1000 1000 1000 1000 1000 1000 1000 1000
 1000 1000 1000 1000 1000 1000 1000 1000 1000 1000
 1000 1000 1000 1000 1000 1000 1000 1000 1000 1000
 1000 1000 1000 1000 1000 1000 1000 1000 1000 1000
 1000 1000 1000 1000 1000 1000 1000 1000 1000 1000
 1000 1000 1000 1000 1000 1000 1000 1000 1000 1000
 1000 1000 1000 1000 1000 1000 1000 1000 1000 1000
 1000 1000 1500 1500 1500 1500 1850 1850 1850 1850
 1000 1000 1000 1000 1000 1000 1000 1000 1000 1000
 1000 1000 1000 1000 1000 1800 1800 1800 1645 1850
 1500 1850 1627 1659 1720 1573 1823 1691 1811 1736
 1800 1800 1800 1000 1000 1000 1000 1000 1000 1000
 1000 1000 1000 1800 1800 1642 1751 1718 1850 1791
 1685 1825 1746 1787 1701 1558 1734 1784 1728 1800
 1800 1000 1000 1000 1000 1000 1000 1000 1000 1000
 1000 1800 1823 1624 1813 1850 1748 1802 1600 1631
 1724 1751 1659 1743 1782 1759 1667 1712 1800 1000
 1000 1000 1000 1000 1000 1000 1000 1000 1000 1710
 1700 1690 1601 1582 1691 1730 1797 1745 1767 1800
 1596 1680 1665 1726 1624 1759 1800 1000 1000 1000
 1000 1000 1000 1000 1000 1000 1000 1800 1720 1748
 1693 1760 1734 1704 1594 1563 1692 1799 1850 1653
 1696 1807 1596 1752 1850 1000 1000 1000 1000 1000
 1000 1000 1000 1000 1500 1761 1671 1804 1657 1636
 1850 1795 1814 1812 1763 1647 1802 1696 1650 1850
 1706 1850 1850 1668 1000 1000 1000 1000 1000 1000
 1000 1000 1500 1730 1716 1675 1697 1672 1668 1605
 1550 1573 1781 1698 1575 1587 1794 1580 1604 1820
 1781 1850 1000 1000 1000 1000 1000 1000 1000 1000
 1500 1695 1616 1658 1850 1772 1680 1739 1824 1850
 1850 1774 1721 1679 1850 1749 1708 1671 1850 1500
 1000 1000 1000 1000 1000 1000 1000 1000 1500 1671
 1795 1736 1591 1612 1740 1654 1850 1800 1800 1850
 1797 1850 1749 1671 1745 1728 1628 1850 1000 1000
 1000 1000 1000 1000 1000 1000 1500 1782 1676 1735
 1775 1828 1850 1658 1706 1800 1800 1850 1602 1784
 1795 1678 1758 1594 1850 1850 1000 1000 1000 1000
 1000 1000 1000 1000 1500 1679 1672 1724 1712 1510
 1796 1660 1769 1850 1850 1835 1693 1718 1669 1732
 1700 1700 1786 1500 1000 1000 1000 1000 1000 1000
 1000 1000 1500 1715 1772 1716 1792 1750 1598 1746
 1726 1683 1561 1651 1642 1850 1850 1721 1762 1694
 1850 1500 1000 1000 1000 1000 1000 1000 1000 1000
 1500 1689 1663 1653 1726 1660 1761 1761 1614 1850
 1850 1831 1649 1550 1692 1539 1664 1737 1788 1850
 1000 1000 1000 1000 1000 1000 1000 1000 1000 1850
 1701 1850 1515 1843 1731 1764 1599 1646 1677 1822
 1751 1850 1721 1818 1850 1800 1850 1000 1000 1000
 1000 1000 1000 1000 1000 1000 1000 1713 1709 1814
 1661 1850 1828 1689 1692 1850 1572 1700 1657 1694
 1690 1685 1670 1663 1850 1000 1000 1000 1000 1000
 1000 1000 1000 1000 1000 1800 1649 1622 1715 1619
 1716 1646 1632 1774 1683 1760 1748 1784 1602 1736
 1774 1685 1800 1000 1000 1000 1000 1000 1000 1000
 1000 1000 1000 1800 1800 1850 1802 1558 1850 1658
 1683 1828 1834 1593 1757 1850 1850 1850 1690 1800
 1800 1000 1000 1000 1000 1000 1000 1000 1000 1000
 1000 1800 1800 1800 1810 1623 1850 1772 1643 1694
 1605 1679 1734 1712 1850 1726 1800 1800 1800 1000
 1000 1000 1000 1000 1000 1000 1000 1000 1000 1000
 1000 1000 1000 1000 1850 1850 1850 1500 1850 1850
 1850 1850 1000 1000 1000 1000 1000 1000 1000 1000
 1000 1000 1000 1000 1000 1000 1000 1000 1000 1000
 1000 1000 1000 1000 1000 1000 1000 1000 1000 1000
 1000 1000 1000 1000 1000 1000 1000 1000 1000 1000
 1000 1000 1000 1000 1000 1000 1000 1000 1000 1000
 1000 1000 1000 1000 1000 1000 1000 1000 1000 1000
 1000 1000 1000 1000 1000 1000 1000 1000 1000 1000
 1000 1000 1000 1000 1000 1000 1000 1000 1000 1000
 1000 1000 1000 1000 1000 1000 1000 1000 1000 1000
 1000 1000 1000 1000 1000 1000 1000 1000 1000 1000
 1000 1000 1000 1000 1000 1000 1000 1000 1000 1000
 1000 1000 1000 1000 1000 1000 1000 1000 1000 1000
 1000 1000 1000 1000
A 863770245
 1000 1000 1000 1000 1000 1000 1000 1000 1000 1000
 1000 1000 1000 1000 1000 1000 1000 1000 1000 1000
 1000 1000 1000 1000 1000 1000 1000 1000 1000 1000
 1000 1000 1000 1000 1000 1000 1000 1000 1000 1000
 1000 1000 1000 1000 1000 1000 1000 1000 1000 1000
 1000 1000 1000 1000 1000 1000 1000 1000 1000 1000
 1000 1000 1000 1000 1000 1000 1000 1000 1000 1000
 1000 1000 1000 1000 1000 1000 1000 1000 1000 1000
 1000 1000 1000 1000 1000 1000 1000 1000 1000 1000
 1000 1000 1000 1000 1000 1000 1000 1000 1000 1000
 1000 1000 1000 1000 1000 1000 1000 1000 1000 1000
 1000 1000 1000 1000 1000 1000 1000 1000 1000 1000
 1000 1000 1500 1500 1500 1500 1500 1500 1500 1500
 1000 1000 1000 1000 1000 1000 1000 1000 1000 1000
 1000 1000 1000 1000 1000 1800 1800 1800 1850 1850
 1725 1850 1850 1850 1850 1810 1850 1807 1850 1850
 1800 1800 1800 1000 1000 1000 1000 1000 1000 1000
 1000 1000 1000 1800 1800 1775 1850 1850 1809 1850
 1850 1850 1850 1850 1802 1673 1800 1850 1850 1800
 1800 1000 1000 1000 1000 1000 1000 1000 1000 1000
 1000 1800 1850 1719 1850 1850 1850 1850 1838 1846
 1850 1850 1750 1783 1809 1850 1812 1805 1800 1000
 1000 1000 1000 1000 1000 1000 1000 1000 1000 1800
 1777 1735 1706 1737 1850 1850 1850 1850 1850 1850
 1720 1790 1730 1850 1731 1800 1800 1000 1000 1000
 1000 1000 1000 1000 1000 1000 1000 1800 1850 1812
 1773 1850 1850 1850 1850 1730 1767 1850 1850 1763
 1768 1850 1720 1800 1850 1000 1000 1000 1000 1000
 1000 1000 1000 1000 1500 1850 1771 1850 1782 1769
 1850 1850 1843 1800 1776 1683 1832 1684 1676 1850
 1847 1765 1850 1500 1000 1000 1000 1000 1000 1000
 1000 1000 1500 1850 1840 1789 1850 1792 1803 1757
 1757 1659 1831 1781 1632 1639 1824 1715 1791 1850
 1850 1500 1000 1000 1000 1000 1000 1000 1000 1000
 1500 1829 1796 1793 1850 1850 1768 1789 1741 1594
 1850 1690 1717 1718 1850 1850 1850 1844 1850 1500
 1000 1000 1000 1000 1000 1000 1000 1000 1500 1807
 1850 1850 1714 1850 1825 1706 1543 1800 1800 1660
 1848 1850 1850 1850 1850 1850 1850 1500 1000 1000
 1000 1000 1000 1000 1000 1000 1500 1850 1810 1800
 1777 1845 1506 1764 1800 1800 1800 1800 1702 1850
 1850 1837 1850 1789 1850 1500 1000 1000 1000 1000
 1000 1000 1000 1000 1500 1850 1850 1850 1789 1619
 1850 1703 1715 1653 1653 1674 1800 1830 1850 1850
 1850 1850 1850 1500 1000 1000 1000 1000 1000 1000
 1000 1000 1500 1800 1850 1850 1848 1789 1650 1699
 1733 1806 1594 1692 1738 1850 1850 1850 1850 1850
 1850 1500 1000 1000 1000 1000 1000 1000 1000 1000
 1500 1850 1850 1753 1830 1759 1850 1795 1629 1799
 1850 1641 1734 1850 1783 1708 1838 1850 1788 1500
 1000 1000 1000 1000 1000 1000 1000 1000 1000 1850
 1819 1850 1799 1850 1704 1780 1850 1656 1720 1830
 1811 1850 1850 1850 1733 1850 1850 1000 1000 1000
 1000 1000 1000 1000 1000 1000 1000 1850 1850 1850
 1800 1850 1850 1728 1720 1850 1606 1823 1794 1840
 1829 1829 1842 1825 1850 1000 1000 1000 1000 1000
 1000 1000 1000 1000 1000 1800 1833 1786 1850 1795
 1840 1717 1756 1745 1779 1841 1830 1850 1729 1839
 1850 1843 1800 1000 1000 1000 1000 1000 1000 1000
 1000 1000 1000 1800 1800 1800 1850 1752 1850 1758
 1797 1850 1850 1672 1785 1850 1784 1746 1850 1800
 1800 1000 1000 1000 1000 1000 1000 1000 1000 1000
 1000 1800 1800 1800 1800 1715 1850 1850 1816 1800
 1664 1750 1850 1850 1850 1836 1800 1800 1800 1000
 1000 1000 1000 1000 1000 1000 1000 1000 1000 1000
 1000 1000 1000 1000 1500 1500 1500 1500 1500 1500
 1500 1500 1000 1000 1000 1000 1000 1000 1000 1000
 1000 1000 1000 1000 1000 1000 1000 1000 1000 1000
 1000 1000 1000 1000 1000 1000 1000 1000 1000 1000
 1000 1000 1000 1000 1000 1000 1000 1000 1000 1000
 1000 1000 1000 1000 1000 1000 1000 1000 1000 1000
 1000 1000 1000 1000 1000 1000 1000 1000 1000 1000
 1000 1000 1000 1000 1000 1000 1000 1000 1000 1000
 1000 1000 1000 1000 1000 1000 1000 1000 1000 1000
 1000 1000 1000 1000 1000 1000 1000 1000 1000 1000
 1000 1000 1000 1000 1000 1000 1000 1000 1000 1000
 1000 1000 1000 1000 1000 1000 1000 1000 1000 1000
 1000 1000 1000 1000 1000 1000 1000 1000 1000 1000
 1000 1000 1000 1000
A 863589109
 1000 1000 1000 1000 1000 1000 1000 1000 1000 1000
 1000 1000 1000 1000 1000 1000 1000 1000 1000 1000
 1000 1000 1000 1000 1000 1000 1000 1000 1000 1000
 1000 1000 1000 1000 1000 1000 1000 1000 1000 1000
 1000 1000 1000 1000 1000 1000 1000 1000 1000 1000
 1000 1000 1000 1000 1000 1000 1000 1000 1000 1000
 1000 1000 1000 1000 1000 1000 1000 1000 1000 1000
 1000 1000 1000 1000 1000 1000 1000 1000 1000 1000
 1000 1000 1000 1000 1000 1000 1000 1000 1000 1000
 1000 1000 1000 1000 1000 1000 1000 1000 1000 1000
 1000 1000 1000 1000 1000 1000 1000 1000 1000 1000
 1000 1000 1000 1000 1000 1000 1000 1000 1000 1000
 1000 1000 1500 1500 1500 1500 1500 1500 1500 1500
 1000 1000 1000 1000 1000 1000 1000 1000 1000 1000
 1000 1000 1000 1000 1000 1000 1000 1000 1500 1500
 1500 1500 1500 1500 1500 1500 1500 1500 1500 1500
 1000 1000 1000 1000 1000 1000 1000 1000 1000 1000
 1000 1000 1000 1000 1000 1500 1500 1500 1500 1500
 1500 1500 1500 1500 1500 1500 1500 1500 1500 1000
 1000 1000 1000 1000 1000 1000 1000 1000 1000 1000
 1000 1000 1500 1500 1500 1500 1500 1500 1500 1500
 1500 1500 1500 1500 1500 1500 1500 1500 1000 1000
 1000 1000 1000 1000 1000 1000 1000 1000 1000 1500
 1500 1500 1500 1500 1500 1500 1500 1500 1500 1500
 1500 1500 1500 1500 1500 1500 1500 1000 1000 1000
 1000 1000 1000 1000 1000 1000 1000 1500 1500 1500
 1500 1500 1500 1500 1500 1500 1500 1500 1500 1500
 1500 1500 1500 1500 1500 1000 1000 1000 1000 1000
 1000 1000 1000 1000 1500 1500 1500 1500 1500 1500
 1500 1500 1500 1500 1500 1500 1500 1500 1500 1500
 1500 1500 1500 1500 1000 1000 1000 1000 1000 1000
 1000 1000 1500 1500 1500 1500 1500 1500 1500 1500
 1500 1500 1500 1500 1500 1500 1500 1500 1500 1500
 1500 1500 1000 1000 1000 1000 1000 1000 1000 1000
 1500 1500 1500 1500 1500 1500 1500 1500 1500 1500
 1500 1500 1500 1500 1500 1500 1500 1500 1500 1500
 1000 1000 1000 1000 1000 1000 1000 1000 1500 1500
 1500 1500 1500 1500 1500 1500 1500 1000 1000 1500
 1500 1500 1500 1500 1500 1500 1500 1500 1000 1000
 1000 1000 1000 1000 1000 1000 1500 1500 1500 1500
 1500 1500 1500 1500 1500 1000 1000 1500 1500 1500
 1500 1500 1500 1500 1500 1500 1000 1000 1000 1000
 1000 1000 1000 1000 1500 1500 1500 1500 1500 1500
 1500 1500 1500 1500 1500 1500 1500 1500 1500 1500
 1500 1500 1500 1500 1000 1000 1000 1000 1000 1000
 1000 1000 1500 1500 1500 1500 1500 1500 1500 1500
 1500 1500 1500 1500 1500 1500 1500 1500 1500 1500
 1500 1500 1000 1000 1000 1000 1000 1000 1000 1000
 1500 1500 1500 1500 1500 1500 1500 1500 1500 1500
 1500 1500 1500 1500 1500 1500 1500 1500 1500 1500
 1000 1000 1000 1000 1000 1000 1000 1000 1000 1500
 1500 1500 1500 1500 1500 1500 1500 1500 1500 1500
 1500 1500 1500 1500 1500 1500 1500 1000 1000 1000
 1000 1000 1000 1000 1000 1000 1000 1500 1500 1500
 1500 1500 1500 1500 1500 1500 1500 1500 1500 1500
 1500 1500 1500 1500 1500 1000 1000 1000 1000 1000
 1000 1000 1000 1000 1000 1000 1500 1500 1500 1500
 1500 1500 1500 1500 1500 1500 1500 1500 1500 1500
 1500 1500 1000 1000 1000 1000 1000 1000 1000 1000
 1000 1000 1000 1000 1000 1500 1500 1500 1500 1500
 1500 1500 1500 1500 1500 1500 1500 1500 1500 1000
 1000 1000 1000 1000 1000 1000 1000 1000 1000 1000
 1000 1000 1000 1000 1500 1500 1500 1500 1500 1500
 1500 1500 1500 1500 1500 1500 1000 1000 1000 1000
 1000 1000 1000 1000 1000 1000 1000 1000 1000 1000
 1000 1000 1000 1000 1500 1500 1500 1500 1500 1500
 1500 1500 1000 1000 1000 1000 1000 1000 1000 1000
 1000 1000 1000 1000 1000 1000 1000 1000 1000 1000
 1000 1000 1000 1000 1000 1000 1000 1000 1000 1000
 1000 1000 1000 1000 1000 1000 1000 1000 1000 1000
 1000 1000 1000 1000 1000 1000 1000 1000 1000 1000
 1000 1000 1000 1000 1000 1000 1000 1000 1000 1000
 1000 1000 1000 1000 1000 1000 1000 1000 1000 1000
 1000 1000 1000 1000 1000 1000 1000 1000 1000 1000
 1000 1000 1000 1000 1000 1000 1000 1000 1000 1000
 1000 1000 1000 1000 1000 1000 1000 1000 1000 1000
 1000 1000 1000 1000 1000 1000 1000 1000 1000 1000
 1000 1000 1000 1000 1000 1000 1000 1000 1000 1000
 1000 1000 1000 1000
A 853256572
 1000 1000 1000 1000 1000 1000 1000 1000 1000 1000
 1000 1000 1000 1000 1000 1000 1000 1000 1000 1000
 1000 1000 1000 1000 1000 1000 1000 1000 1000 1000
 1000 1000 1000 1000 1000 1000 1000 1000 1000 1000
 1000 1000 1000 1000 1000 1000 1000 1000 1000 1000
 1000 1000 1000 1000 1000 1000 1000 1000 1000 1000
 1000 1000 1000 1000 1000 1000 1000 1000 1000 1000
 1000 1000 1000 1000 1000 1000 1000 1000 1000 1000
 1000 1000 1000 1000 1000 1000 1000 1000 1000 1000
 1000 1000 1000 1000 1000 1000 1000 1000 1000 1000
 1000 1000 1000 1000 1000 1000 1000 1000 1000 1000
 1000 1000 1000 1000 1000 1000 1000 1000 1000 1000
 1000 1000 2000 2000 2000 2000 2000 2000 2000 2000
 1000 1000 1000 1000 1000 1000 1000 1000 1000 1000
 1000 1000 1000 1000 1000 1000 1000 1000 2000 2000
 2000 2000 2000 2000 2000 2000 2000 2000 2000 2000
 1000 1000 1000 1000 1000 1000 1000 1000 1000 1000
 1000 1000 1000 1000 1000 2000 2000 2000 2000 2000
 2000 2000 2000 2000 2000 2000 2000 2000 2000 1000
 1000 1000 1000 1000 1000 1000 1000 1000 1000 1000
 1000 1000 2000 2000 2000 2000 2000 2000 2000 2000
 2000 2000 2000 2000 2000 2000 2000 2000 1000 1000
 1000 1000 1000 1000 1000 1000 1000 1000 1000 2000
 2000 2000 2000 2000 2000 2000 2000 2000 2000 2000
 2000 2000 2000 2000 2000 2000 2000 1000 1000 1000
 1000 1000 1000 1000 1000 1000 1000 2000 2000 2000
 2000 2000 2000 2000 2000 2000 2000 2000 2000 2000
 2000 2000 2000 2000 2000 1000 1000 1000 1000 1000
 1000 1000 1000 1000 2000 2000 2000 2000 2000 2000
 2000 2000 2000 2000 2000 2000 2000 2000 2000 2000
 2000 2000 2000 2000 1000 1000 1000 1000 1000 1000
 1000 1000 2000 2000 2000 2000 2000 2000 2000 2000
 2000 2000 2000 2000 2000 2000 2000 2000 2000 2000
 2000 2000 1000 1000 1000 1000 1000 1000 1000 1000
 2000 2000 2000 2000 2000 2000 2000 2000 2000 2000
 2000 2000 2000 2000 2000 2000 2000 2000 2000 2000
 1000 1000 1000 1000 1000 1000 1000 1000 2000 2000
 2000 2000 2000 2000 2000 2000 2000 1000 1000 2000
 2000 2000 2000 2000 2000 2000 2000 2000 1000 1000
 1000 1000 1000 1000 1000 1000 2000 2000 2000 2000
 2000 2000 2000 2000 2000 1000 1000 2000 2000 2000
 2000 2000 2000 2000 2000 2000 1000 1000 1000 1000
 1000 1000 1000 1000 2000 2000 2000 2000 2000 2000
 2000 2000 2000 2000 2000 2000 2000 2000 2000 2000
 2000 2000 2000 2000 1000 1000 1000 1000 1000 1000
 1000 1000 2000 2000 2000 2000 2000 2000 2000 2000
 2000 2000 2000 2000 2000 2000 2000 2000 2000 2000
 2000 2000 1000 1000 1000 1000 1000 1000 1000 1000
 2000 2000 2000 2000 2000 2000 2000 2000 2000 2000
 2000 2000 2000 2000 2000 2000 2000 2000 2000 2000
 1000 1000 1000 1000 1000 1000 1000 1000 1000 2000
 2000 2000 2000 2000 2000 2000 2000 2000 2000 2000
 2000 2000 2000 2000 2000 2000 2000 1000 1000 1000
 1000 1000 1000 1000 1000 1000 1000 2000 2000 2000
 2000 2000 2000 2000 2000 2000 2000 2000 2000 2000
 2000 2000 2000 2000 2000 1000 1000 1000 1000 1000
 1000 1000 1000 1000 1000 1000 2000 2000 2000 2000
 2000 2000 2000 2000 2000 2000 2000 2000 2000 2000
 2000 2000 1000 1000 1000 1000 1000 1000 1000 1000
 1000 1000 1000 1000 1000 2000 2000 2000 2000 2000
 2000 2000 2000 2000 2000 2000 2000 2000 2000 1000
 1000 1000 1000 1000 1000 1000 1000 1000 1000 1000
 1000 1000 1000 1000 2000 2000 2000 2000 2000 2000
 2000 2000 2000 2000 2000 2000 1000 1000 1000 1000
 1000 1000 1000 1000 1000 1000 1000 1000 1000 1000
 1000 1000 1000 1000 2000 2000 2000 2000 2000 2000
 2000 2000 1000 1000 1000 1000 1000 1000 1000 1000
 1000 1000 1000 1000 1000 1000 1000 1000 1000 1000
 1000 1000 1000 1000 1000 1000 1000 1000 1000 1000
 1000 1000 1000 1000 1000 1000 1000 1000 1000 1000
 1000 1000 1000 1000 1000 1000 1000 1000 1000 1000
 1000 1000 1000 1000 1000 1000 1000 1000 1000 1000
 1000 1000 1000 1000 1000 1000 1000 1000 1000 1000
 1000 1000 1000 1000 1000 1000 1000 1000 1000 1000
 1000 1000 1000 1000 1000 1000 1000 1000 1000 1000
 1000 1000 1000 1000 1000 1000 1000 1000 1000 1000
 1000 1000 1000 1000 1000 1000 1000 1000 1000 1000
 1000 1000 1000 1000 1000 1000 1000 1000 1000 1000
 1000 1000 1000 1000
A 852817277
 1000 1000 1000 1000 1000 1000 1000 1000 1000 1000
 1000 1000 1000 1000 1000 1000 1000 1000 1000 1000
 1000 1000 1000 1000 1000 1000 1000 1000 1000 1000
 1000 1000 1000 1000 1000 1000 1000 1000 1000 1000
 1000 1000 1000 1000 1000 1000 1000 1000 1000 1000
 1000 1000 1000 1000 1000 1000 1000 1000 1000 1000
 1000 1000 1000 1000 1000 1000 1000 1000 1000 1000
 1000 1000 1000 1000 1000 1000 1000 1000 1000 1000
 1000 1000 1000 1000 1000 1000 1000 1000 1000 1000
 1000 1000 1000 1000 1000 1000 1000 1000 1000 1000
 1000 1000 1000 1000 1000 1000 1000 1000 1000 1000
 1000 1000 1000 1000 1000 1000 1000 1000 1000 1000
 1000 1000 1000 1000 1000 1000 1000 1000 1000 1000
 1000 1000 1000 1000 1000 1000 1000 1000 1000 1000
 1000 1000 1000 1000 1000 1000 1000 1000 1000 1000
 1000 1000 1000 1000 1000 1000 1000 1000 1000 1000
 1000 1000 1000 1000 1000 1000 1000 1000 1000 1000
 1000 1000 1000 1000 1000 1000 1000 1000 1000 1000
 1000 1000 1000 1000 1000 1000 1000 1000 1000 1000
 1000 1000 1000 1000 1000 1000 1000 1000 1000 1000
 1000 1000 1000 1000 1000 1000 1000 1000 1000 1000
 1000 1000 1000 1000 1000 1000 1000 1000 1000 1000
 1000 1000 1000 1000 1000 1000 1000 1000 1000 1000
 1000 1000 1000 1000 1000 1000 1000 1000 1000 1000
 1000 1000 1000 1000 1000 1000 1000 1000 1000 1000
 1000 1000 1000 1000 1000 1000 1000 1000 1000 1000
 1000 1000 1000 1000 1000 1000 1000 1000 1000 1000
 1000 1000 1000 1000 1000 1000 1000 1000 1000 1000
 1000 1000 1000 1000 1000 1000 1000 1000 1000 1000
 1000 1000 1000 1000 1000 1000 1000 1000 1000 1000
 1000 1000 1000 1000 1000 1000 1000 1000 1000 1000
 1000 1000 1000 1000 1000 1000 1000 1000 1000 1000
 1000 1000 1000 1000 1000 1000 1000 1000 1000 1000
 1000 1000 1000 1000 1000 1000 1000 1000 1000 1000
 1000 1000 1000 1000 1000 1000 1000 1000 1000 1000
 1000 1000 1000 1000 1000 1000 1000 1000 1000 1000
 1000 1000 1000 1000 1000 1000 1000 1000 1000 1000
 1000 1000 1000 1000 1000 1000 1000 1000 1000 1000
 1000 1000 1000 1000 1000 1000 1000 1000 1000 1000
 1000 1000 1000 1000 1000 1000 1000 1000 1000 1000
 1000 1000 1000 1000 1000 1000 1000 1000 1000 1000
 1000 1000 1000 1000 1000 1000 1000 1000 1000 1000
 1000 1000 1000 1000 1000 1000 1000 1000 1000 1000
 1000 1000 1000 1000 1000 1000 1000 1000 1000 1000
 1000 1000 1000 1000 1000 1000 1000 1000 1000 1000
 1000 1000 1000 1000 1000 1000 1000 1000 1000 1000
 1000 1000 1000 1000 1000 1000 1000 1000 1000 1000
 1000 1000 1000 1000 1000 1000 1000 1000 1000 1000
 1000 1000 1000 1000 1000 1000 1000 1000 1000 1000
 1000 1000 1000 1000 1000 1000 1000 1000 1000 1000
 1000 1000 1000 1000 1000 1000 1000 1000 1000 1000
 1000 1000 1000 1000 1000 1000 1000 1000 1000 1000
 1000 1000 1000 1000 1000 1000 1000 1000 1000 1000
 1000 1000 1000 1000 1000 1000 1000 1000 1000 1000
 1000 1000 1000 1000 1000 1000 1000 1000 1000 1000
 1000 1000 1000 1000 1000 1000 1000 1000 1000 1000
 1000 1000 1000 1000 1000 1000 1000 1000 1000 1000
 1000 1000 1000 1000 1000 1000 1000 1000 1000 1000
 1000 1000 1000 1000 1000 1000 1000 1000 1000 1000
 1000 1000 1000 1000 1000 1000 1000 1000 1000 1000
 1000 1000 1000 1000 1000 1000 1000 1000 1000 1000
 1000 1000 1000 1000 1000 1000 1000 1000 1000 1000
 1000 1000 1000 1000 1000 1000 1000 1000 1000 1000
 1000 1000 1000 1000 1000 1000 1000 1000 1000 1000
 1000 1000 1000 1000 1000 1000 1000 1000 1000 1000
 1000 1000 1000 1000 1000 1000 1000 1000 1000 1000
 1000 1000 1000 1000 1000 1000 1000 1000 1000 1000
 1000 1000 1000 1000 1000 1000 1000 1000 1000 1000
 1000 1000 1000 1000 1000 1000 1000 1000 1000 1000
 1000 1000 1000 1000 1000 1000 1000 1000 1000 1000
 1000 1000 1000 1000 1000 1000 1000 1000 1000 1000
 1000 1000 1000 1000 1000 1000 1000 1000 1000 1000
 1000 1000 1000 1000 1000 1000 1000 1000 1000 1000
 1000 1000 1000 1000 1000 1000 1000 1000 1000 1000
 1000 1000 1000 1000 1000 1000 1000 1000 1000 1000
 1000 1000 1000 1000 1000 1000 1000 1000 1000 1000
 1000 1000 1000 1000 1000 1000 1000 1000 1000 1000
 1000 1000 1000 1000 1000 1000 1000 1000 1000 1000
 1000 1000 1000 1000
E
I 784 0 76 6f 6c 74 61 67 65 0 0 0 0 0 0 0 0 0
A 869964296
 -1 -1 -1 -1 -1 -1 -1 -1 -1 1000
 1000 1000 1000 1000 1000 1000 1000 1000 1000 -1
 -1 -1 -1 -1 -1 -1 -1 -1 -1 -1
 -1 -1 -1 -1 -1 -1 1000 1000 1000 1000
 1000 1000 1000 1000 1000 1000 1000 1000 -1 -1
 -1 -1 -1 -1 -1 -1 -1 -1 -1 -1
 -1 -1 1000 1000 1000 1000 1000 1000 1000 1000
 1000 1000 1000 1000 1000 1000 1000 1000 -1 -1
 -1 -1 -1 -1 -1 -1 -1 -1 -1 1000
 1000 1000 1000 1000 1000 1000 1000 1000 1000 1000
 1000 1000 1000 1000 1000 1000 1000 -1 -1 -1
 -1 -1 -1 -1 -1 -1 1000 1000 1000 1000
 1000 1000 1500 1500 1500 1500 1850 1850 1850 1850
 1000 1000 1000 1000 1000 1000 -1 -1 -1 -1
 -1 -1 -1 1000 1000 1000 1000 1000 1645 1850
 1500 1850 1627 1659 1720 1573 1823 1691 1811 1736
 1000 1000 1000 1000 1000 -1 -1 -1 -1 -1
 1000 1000 1000 1000 1000 1642 1751 1718 1850 1791
 1685 1825 1746 1787 1701 1558 1734 1784 1728 1000
 1000 1000 1000 1000 -1 -1 -1 -1 1000 1000
 1000 1000 1823 1624 1813 1850 1748 1802 1600 1631
 1724 1751 1659 1743 1782 1759 1667 1712 1000 1000
 1000 1000 -1 -1 -1 1000 1000 1000 1000 1710
 1700 1690 1601 1582 1691 1730 1797 1745 1767 1800
 1596 1680 1665 1726 1624 1759 1800 1000 1000 1000
 1000 -1 1000 1000 1000 1000 1000 1800 1720 1748
 1693 1760 1734 1704 1594 1563 1692 1799 1850 1653
 1696 1807 1596 1752 1850 1000 1000 1000 1000 1000
 1000 1000 1000 1000 1500 1761 1671 1804 1657 1636
 1850 1795 1814 1812 1763 1647 1802 1696 1650 1850
 1706 1850 1850 1668 1000 1000 1000 1000 1000 1000
 1000 1000 1500 1730 1716 1675 1697 1672 1668 1605
 1550 1573 1781 1698 1575 1587 1794 1580 1604 1820
 1781 1850 1000 1000 1000 1000 1000 1000 1000 1000
 1500 1695 1616 1658 1850 1772 1680 1739 1824 1850
 1850 1774 1721 1679 1850 1749 1708 1671 1850 1500
 1000 1000 1000 1000 1000 1000 1000 1000 1500 1671
 1795 1736 1591 1612 1740 1654 1850 -1 -1 1850
 1797 1850 1749 1671 1745 1728 1628 1850 1000 1000
 1000 1000 1000 1000 1000 1000 1500 1782 1676 1735
 1775 1828 1850 1658 1706 -1 -1 1850 1602 1784
 1795 1678 1758 1594 1850 1850 1000 1000 1000 1000
 1000 1000 1000 1000 1500 1679 1672 1724 1712 1510
 1796 1660 1769 1850 1850 1835 1693 1718 1669 1732
 1700 1700 1786 1500 1000 1000 1000 1000 1000 1000
 1000 1000 1500 1715 1772 1716 1792 1750 1598 1746
 1726 1683 1561 1651 1642 1850 1850 1721 1762 1694
 1850 1500 1000 1000 1000 1000 1000 1000 1000 1000
 1500 1689 1663 1653 1726 1660 1761 1761 1614 1850
 1850 1831 1649 1550 1692 1539 1664 1737 1788 1850
 1000 1000 1000 1000 1000 1000 1000 1000 1000 1850
 1701 1850 1515 1843 1731 1764 1599 1646 1677 1822
 1751 1850 1721 1818 1850 1800 1850 1000 1000 1000
 1000 1000 -1 1000 1000 1000 1000 1713 1709 1814
 1661 1850 1828 1689 1692 1850 1572 1700 1657 1694
 1690 1685 1670 1663 1850 1000 1000 1000 1000 -1
 -1 -1 1000 1000 1000 1000 1649 1622 1715 1619
 1716 1646 1632 1774 1683 1760 1748 1784 1602 1736
 1774 1685 1000 1000 1000 1000 -1 -1 -1 -1
 1000 1000 1000 1000 1000 1850 1802 1558 1850 1658
 1683 1828 1834 1593 1757 1850 1850 1850 1690 1000
 1000 1000 1000 1000 -1 -1 -1 -1 -1 1000
 1000 1000 1000 1000 1810 1623 1850 1772 1643 1694
 1605 1679 1734 1712 1850 1726 1000 1000 1000 1000
 1000 -1 -1 -1 -1 -1 -1 -1 1000 1000
 1000 1000 1000 1000 1850 1850 1850 1500 1850 1850
 1850 1850 1000 1000 1000 1000 1000 1000 -1 -1
 -1 -1 -1 -1 -1 -1 -1 1000 1000 1000
 1000 1000 1000 1000 1000 1000 1000 1000 1000 1000
 1000 1000 1000 1000 1000 -1 -1 -1 -1 -1
 -1 -1 -1 -1 -1 -1 1000 1000 1000 1000
 1000 1000 1000 1000 1000 1000 1000 1000 1000 1000
 1000 1000 -1 -1 -1 -1 -1 -1 -1 -1
 -1 -1 -1 -1 -1 -1 1000 1000 1000 1000
 1000 1000 1000 1000 1000 1000 1000 1000 -1 -1
 -1 -1 -1 -1 -1 -1 -1 -1 -1 -1
 -1 -1 -1 -1 -1 1000 1000 1000 1000 1000
 1000 1000 1000 1000 1000 -1 -1 -1 -1 -1
 -1 -1 -1 -1
A 863770472
 -1 -1 -1 -1 -1 -1 -1 -1 -1 1000
 1000 1000 1000 1000 1000 1000 1000 1000 1000 -1
 -1 -1 -1 -1 -1 -1 -1 -1 -1 -1
 -1 -1 -1 -1 -1 -1 1000 1000 1000 1000
 1000 1000 1000 1000 1000 1000 1000 1000 -1 -1
 -1 -1 -1 -1 -1 -1 -1 -1 -1 -1
 -1 -1 1000 1000 1000 1000 1000 1000 1000 1000
 1000 1000 1000 1000 1000 1000 1000 1000 -1 -1
 -1 -1 -1 -1 -1 -1 -1 -1 -1 1000
 1000 1000 1000 1000 1000 1000 1000 1000 1000 1000
 1000 1000 1000 1000 1000 1000 1000 -1 -1 -1
 -1 -1 -1 -1 -1 -1 1000 1000 1000 1000
 1000 1000 1500 1500 1500 1500 1500 1500 1500 1500
 1000 1000 1000 1000 1000 1000 -1 -1 -1 -1
 -1 -1 -1 1000 1000 1000 1000 1000 1850 1850
 1725 1850 1850 1850 1850 1810 1850 1807 1850 1850
 1000 1000 1000 1000 1000 -1 -1 -1 -1 -1
 1000 1000 1000 1000 1000 1775 1850 1850 1809 1850
 1850 1850 1850 1850 1802 1673 1800 1850 1850 1000
 1000 1000 1000 1000 -1 -1 -1 -1 1000 1000
 1000 1000 1850 1719 1850 1850 1850 1850 1838 1846
 1850 1850 1750 1783 1809 1850 1812 1805 1000 1000
 1000 1000 -1 -1 -1 1000 1000 1000 1000 1800
 1777 1735 1706 1737 1850 1850 1850 1850 1850 1850
 1720 1790 1730 1850 1731 1800 1800 1000 1000 1000
 1000 -1 1000 1000 1000 1000 1000 1800 1850 1812
 1773 1850 1850 1850 1850 1730 1767 1850 1850 1763
 1768 1850 1720 1800 1850 1000 1000 1000 1000 1000
 1000 1000 1000 1000 1500 1850 1771 1850 1782 1769
 1850 1850 1843 1800 1776 1683 1832 1684 1676 1850
 1847 1765 1850 1500 1000 1000 1000 1000 1000 1000
 1000 1000 1500 1850 1840 1789 1850 1792 1803 1757
 1757 1659 1831 1781 1632 1639 1824 1715 1791 1850
 1850 1500 1000 1000 1000 1000 1000 1000 1000 1000
 1500 1829 1796 1793 1850 1850 1768 1789 1741 1594
 1850 1690 1717 1718 1850 1850 1850 1844 1850 1500
 1000 1000 1000 1000 1000 1000 1000 1000 1500 1807
 1850 1850 1714 1850 1825 1706 1543 -1 -1 1660
 1848 1850 1850 1850 1850 1850 1850 1500 1000 1000
 1000 1000 1000 1000 1000 1000 1500 1850 1810 1800
 1777 1845 1506 1764 1800 -1 -1 1800 1702 1850
 1850 1837 1850 1789 1850 1500 1000 1000 1000 1000
 1000 1000 1000 1000 1500 1850 1850 1850 1789 1619
 1850 1703 1715 1653 1653 1674 1800 1830 1850 1850
 1850 1850 1850 1500 1000 1000 1000 1000 1000 1000
 1000 1000 1500 1800 1850 1850 1848 1789 1650 1699
 1733 1806 1594 1692 1738 1850 1850 1850 1850 1850
 1850 1500 1000 1000 1000 1000 1000 1000 1000 1000
 1500 1850 1850 1753 1830 1759 1850 1795 1629 1799
 1850 1641 1734 1850 1783 1708 1838 1850 1788 1500
 1000 1000 1000 1000 1000 1000 1000 1000 1000 1850
 1819 1850 1799 1850 1704 1780 1850 1656 1720 1830
 1811 1850 1850 1850 1733 1850 1850 1000 1000 1000
 1000 1000 -1 1000 1000 1000 1000 1850 1850 1850
 1800 1850 1850 1728 1720 1850 1606 1823 1794 1840
 1829 1829 1842 1825 1850 1000 1000 1000 1000 -1
 -1 -1 1000 1000 1000 1000 1833 1786 1850 1795
 1840 1717 1756 1745 1779 1841 1830 1850 1729 1839
 1850 1843 1000 1000 1000 1000 -1 -1 -1 -1
 1000 1000 1000 1000 1000 1800 1850 1752 1850 1758
 1797 1850 1850 1672 1785 1850 1784 1746 1850 1000
 1000 1000 1000 1000 -1 -1 -1 -1 -1 1000
 1000 1000 1000 1000 1800 1715 1850 1850 1816 1800
 1664 1750 1850 1850 1850 1836 1000 1000 1000 1000
 1000 -1 -1 -1 -1 -1 -1 -1 1000 1000
 1000 1000 1000 1000 1500 1500 1500 1500 1500 1500
 1500 1500 1000 1000 1000 1000 1000 1000 -1 -1
 -1 -1 -1 -1 -1 -1 -1 1000 1000 1000
 1000 1000 1000 1000 1000 1000 1000 1000 1000 1000
 1000 1000 1000 1000 1000 -1 -1 -1 -1 -1
 -1 -1 -1 -1 -1 -1 1000 1000 1000 1000
 1000 1000 1000 1000 1000 1000 1000 1000 1000 1000
 1000 1000 -1 -1 -1 -1 -1 -1 -1 -1
 -1 -1 -1 -1 -1 -1 1000 1000 1000 1000
 1000 1000 1000 1000 1000 1000 1000 1000 -1 -1
 -1 -1 -1 -1 -1 -1 -1 -1 -1 -1
 -1 -1 -1 -1 -1 1000 1000 1000 1000 1000
 1000 1000 1000 1000 1000 -1 -1 -1 -1 -1
 -1 -1 -1 -1
A 863770277
 -1 -1 -1 -1 -1 -1 -1 -1 -1 1000
 1000 1000 1000 1000 1000 1000 1000 1000 1000 -1
 -1 -1 -1 -1 -1 -1 -1 -1 -1 -1
 -1 -1 -1 -1 -1 -1 1000 1000 1000 1000
 1000 1000 1000 1000 1000 1000 1000 1000 -1 -1
 -1 -1 -1 -1 -1 -1 -1 -1 -1 -1
 -1 -1 1000 1000 1000 1000 1000 1000 1000 1000
 1000 1000 1000 1000 1000 1000 1000 1000 -1 -1
 -1 -1 -1 -1 -1 -1 -1 -1 -1 1000
 1000 1000 1000 1000 1000 1000 1000 1000 1000 1000
 1000 1000 1000 1000 1000 1000 1000 -1 -1 -1
 -1 -1 -1 -1 -1 -1 1000 1000 1000 1000
 1000 1000 1500 1500 1500 1500 1500 1500 1500 1500
 1000 1000 1000 1000 1000 1000 -1 -1 -1 -1
 -1 -1 -1 1000 1000 1000 1000 1000 1850 1850
 1725 1850 1850 1850 1850 1810 1850 1807 1850 1850
 1000 1000 1000 1000 1000 -1 -1 -1 -1 -1
 1000 1000 1000 1000 1000 1775 1850 1850 1809 1850
 1850 1850 1850 1850 1802 1673 1800 1850 1850 1000
 1000 1000 1000 1000 -1 -1 -1 -1 1000 1000
 1000 1000 1850 1719 1850 1850 1850 1850 1838 1846
 1850 1850 1750 1783 1809 1850 1812 1805 1000 1000
 1000 1000 -1 -1 -1 1000 1000 1000 1000 1800
 1777 1735 1706 1737 1850 1850 1850 1850 1850 1850
 1720 1790 1730 1850 1731 1800 1800 1000 1000 1000
 1000 -1 1000 1000 1000 1000 1000 1800 1850 1812
 1773 1850 1850 1850 1850 1730 1767 1850 1850 1763
 1768 1850 1720 1800 1850 1000 1000 1000 1000 1000
 1000 1000 1000 1000 1500 1850 1771 1850 1782 1769
 1850 1850 1843 1800 1776 1683 1832 1684 1676 1850
 1847 1765 1850 1500 1000 1000 1000 1000 1000 1000
 1000 1000 1500 1850 1840 1789 1850 1792 1803 1757
 1757 1659 1831 1781 1632 1639 1824 1715 1791 1850
 1850 1500 1000 1000 1000 1000 1000 1000 1000 1000
 1500 1829 1796 1793 1850 1850 1768 1789 1741 1594
 1850 1690 1717 1718 1850 1850 1850 1844 1850 1500
 1000 1000 1000 1000 1000 1000 1000 1000 1500 1807
 1850 1850 1714 1850 1825 1706 1543 -1 -1 1660
 1848 1850 1850 1850 1850 1850 1850 1500 1000 1000
 1000 1000 1000 1000 1000 1000 1500 1850 1810 1800
 1777 1845 1506 1764 1800 -1 -1 1800 1702 1850
 1850 1837 1850 1789 1850 1500 1000 1000 1000 1000
 1000 1000 1000 1000 1500 1850 1850 1850 1789 1619
 1850 1703 1715 1653 1653 1674 1800 1830 1850 1850
 1850 1850 1850 1500 1000 1000 1000 1000 1000 1000
 1000 1000 1500 1800 1850 1850 1848 1789 1650 1699
 1733 1806 1594 1692 1738 1850 1850 1850 1850 1850
 1850 1500 1000 1000 1000 1000 1000 1000 1000 1000
 1500 1850 1850 1753 1830 1759 1850 1795 1629 1799
 1850 1641 1734 1850 1783 1708 1838 1850 1788 1500
 1000 1000 1000 1000 1000 1000 1000 1000 1000 1850
 1819 1850 1799 1850 1704 1780 1850 1656 1720 1830
 1811 1850 1850 1850 1733 1850 1850 1000 1000 1000
 1000 1000 -1 1000 1000 1000 1000 1850 1850 1850
 1800 1850 1850 1728 1720 1850 1606 1823 1794 1840
 1829 1829 1842 1825 1850 1000 1000 1000 1000 -1
 -1 -1 1000 1000 1000 1000 1833 1786 1850 1795
 1840 1717 1756 1745 1779 1841 1830 1850 1729 1839
 1850 1843 1000 1000 1000 1000 -1 -1 -1 -1
 1000 1000 1000 1000 1000 1800 1850 1752 1850 1758
 1797 1850 1850 1672 1785 1850 1784 1746 1850 1000
 1000 1000 1000 1000 -1 -1 -1 -1 -1 1000
 1000 1000 1000 1000 1800 1715 1850 1850 1816 1800
 1664 1750 1850 1850 1850 1836 1000 1000 1000 1000
 1000 -1 -1 -1 -1 -1 -1 -1 1000 1000
 1000 1000 1000 1000 1500 1500 1500 1500 1500 1500
 1500 1500 1000 1000 1000 1000 1000 1000 -1 -1
 -1 -1 -1 -1 -1 -1 -1 1000 1000 1000
 1000 1000 1000 1000 1000 1000 1000 1000 1000 1000
 1000 1000 1000 1000 1000 -1 -1 -1 -1 -1
 -1 -1 -1 -1 -1 -1 1000 1000 1000 1000
 1000 1000 1000 1000 1000 1000 1000 1000 1000 1000
 1000 1000 -1 -1 -1 -1 -1 -1 -1 -1
 -1 -1 -1 -1 -1 -1 1000 1000 1000 1000
 1000 1000 1000 1000 1000 1000 1000 1000 -1 -1
 -1 -1 -1 -1 -1 -1 -1 -1 -1 -1
 -1 -1 -1 -1 -1 1000 1000 1000 1000 1000
 1000 1000 1000 1000 1000 -1 -1 -1 -1 -1
 -1 -1 -1 -1
A 863589109
 -1 -1 -1 -1 -1 -1 -1 -1 -1 1000
 1000 1000 1000 1000 1000 1000 1000 1000 1000 -1
 -1 -1 -1 -1 -1 -1 -1 -1 -1 -1
 -1 -1 -1 -1 -1 -1 1000 1000 1000 1000
 1000 1000 1000 1000 1000 1000 1000 1000 -1 -1
 -1 -1 -1 -1 -1 -1 -1 -1 -1 -1
 -1 -1 1000 1000 1000 1000 1000 1000 1000 1000
 1000 1000 1000 1000 1000 1000 1000 1000 -1 -1
 -1 -1 -1 -1 -1 -1 -1 -1 -1 1000
 1000 1000 1000 1000 1000 1000 1000 1000 1000 1000
 1000 1000 1000 1000 1000 1000 1000 -1 -1 -1
 -1 -1 -1 -1 -1 -1 1000 1000 1000 1000
 1000 1000 1000 1000 1000 1000 1000 1000 1000 1000
 1000 1000 1000 1000 1000 1000 -1 -1 -1 -1
 -1 -1 -1 1000 1000 1000 1000 1000 1000 1000
 1000 1000 1000 1000 1000 1000 1000 1000 1000 1000
 1000 1000 1000 1000 1000 -1 -1 -1 -1 -1
 1000 1000 1000 1000 1000 1000 1000 1000 1000 1000
 1000 1000 1000 1000 1000 1000 1000 1000 1000 1000
 1000 1000 1000 1000 -1 -1 -1 -1 1000 1000
 1000 1000 1000 1000 1000 1000 1000 1000 1000 1000
 1000 1000 1000 1000 1000 1000 1000 1000 1000 1000
 1000 1000 -1 -1 -1 1000 1000 1000 1000 1000
 1000 1000 1000 1000 1000 1000 1000 1000 1000 1000
 1000 1000 1000 1000 1000 1000 1000 1000 1000 1000
 1000 -1 1000 1000 1000 1000 1000 1000 1000 1000
 1000 1000 1000 1000 1000 1000 1000 1000 1000 1000
 1000 1000 1000 1000 1000 1000 1000 1000 1000 1000
 1000 1000 1000 1000 1000 1000 1000 1000 1000 1000
 1000 1000 1000 1000 1000 1000 1000 1000 1000 1000
 1000 1000 1000 1000 1000 1000 1000 1000 1000 1000
 1000 1000 1000 1000 1000 1000 1000 1000 1000 1000
 1000 1000 1000 1000 1000 1000 1000 1000 1000 1000
 1000 1000 1000 1000 1000 1000 1000 1000 1000 1000
 1000 1000 1000 1000 1000 1000 1000 1000 1000 1000
 1000 1000 1000 1000 1000 1000 1000 1000 1000 1000
 1000 1000 1000 1000 1000 1000 1000 1000 1000 1000
 1000 1000 1000 1000 1000 1000 1000 -1 -1 1000
 1000 1000 1000 1000 1000 1000 1000 1000 1000 1000
 1000 1000 1000 1000 1000 1000 1000 1000 1000 1000
 1000 1000 1000 1000 1000 -1 -1 1000 1000 1000
 1000 1000 1000 1000 1000 1000 1000 1000 1000 1000
 1000 1000 1000 1000 1000 1000 1000 1000 1000 1000
 1000 1000 1000 1000 1000 1000 1000 1000 1000 1000
 1000 1000 1000 1000 1000 1000 1000 1000 1000 1000
 1000 1000 1000 1000 1000 1000 1000 1000 1000 1000
 1000 1000 1000 1000 1000 1000 1000 1000 1000 1000
 1000 1000 1000 1000 1000 1000 1000 1000 1000 1000
 1000 1000 1000 1000 1000 1000 1000 1000 1000 1000
 1000 1000 1000 1000 1000 1000 1000 1000 1000 1000
 1000 1000 1000 1000 1000 1000 1000 1000 1000 1000
 1000 1000 1000 1000 1000 1000 1000 1000 1000 1000
 1000 1000 1000 1000 1000 1000 1000 1000 1000 1000
 1000 1000 -1 1000 1000 1000 1000 1000 1000 1000
 1000 1000 1000 1000 1000 1000 1000 1000 1000 1000
 1000 1000 1000 1000 1000 1000 1000 1000 1000 -1
 -1 -1 1000 1000 1000 1000 1000 1000 1000 1000
 1000 1000 1000 1000 1000 1000 1000 1000 1000 1000
 1000 1000 1000 1000 1000 1000 -1 -1 -1 -1
 1000 1000 1000 1000 1000 1000 1000 1000 1000 1000
 1000 1000 1000 1000 1000 1000 1000 1000 1000 1000
 1000 1000 1000 1000 -1 -1 -1 -1 -1 1000
 1000 1000 1000 1000 1000 1000 1000 1000 1000 1000
 1000 1000 1000 1000 1000 1000 1000 1000 1000 1000
 1000 -1 -1 -1 -1 -1 -1 -1 1000 1000
 1000 1000 1000 1000 1000 1000 1000 1000 1000 1000
 1000 1000 1000 1000 1000 1000 1000 1000 -1 -1
 -1 -1 -1 -1 -1 -1 -1 1000 1000 1000
 1000 1000 1000 1000 1000 1000 1000 1000 1000 1000
 1000 1000 1000 1000 1000 -1 -1 -1 -1 -1
 -1 -1 -1 -1 -1 -1 1000 1000 1000 1000
 1000 1000 1000 1000 1000 1000 1000 1000 1000 1000
 1000 1000 -1 -1 -1 -1 -1 -1 -1 -1
 -1 -1 -1 -1 -1 -1 1000 1000 1000 1000
 1000 1000 1000 1000 1000 1000 1000 1000 -1 -1
 -1 -1 -1 -1 -1 -1 -1 -1 -1 -1
 -1 -1 -1 -1 -1 1000 1000 1000 1000 1000
 1000 1000 1000 1000 1000 -1 -1 -1 -1 -1
 -1 -1 -1 -1
A 853272967
 -1 -1 -1 -1 -1 -1 -1 -1 -1 1000
 1000 1000 1000 1000 1000 1000 1000 1000 1000 -1
 -1 -1 -1 -1 -1 -1 -1 -1 -1 -1
 -1 -1 -1 -1 -1 -1 1000 1000 1000 1000
 1000 1000 1000 1000 1000 1000 1000 1000 -1 -1
 -1 -1 -1 -1 -1 -1 -1 -1 -1 -1
 -1 -1 1000 1000 1000 1000 1000 1000 1000 1000
 1000 1000 1000 1000 1000 1000 1000 1000 -1 -1
 -1 -1 -1 -1 -1 -1 -1 -1 -1 1000
 1000 1000 1000 1000 1000 1000 1000 1000 1000 1000
 1000 1000 1000 1000 1000 1000 1000 -1 -1 -1
 -1 -1 -1 -1 -1 -1 1000 1000 1000 1000
 1000 1000 2000 2000 2000 2000 2000 2000 2000 2000
 1000 1000 1000 1000 1000 1000 -1 -1 -1 -1
 -1 -1 -1 1000 1000 1000 1000 1000 2000 2000
 2000 2000 2000 2000 2000 2000 2000 2000 2000 2000
 1000 1000 1000 1000 1000 -1 -1 -1 -1 -1
 1000 1000 1000 1000 1000 2000 2000 2000 2000 2000
 2000 2000 2000 2000 2000 2000 2000 2000 2000 1000
 1000 1000 1000 1000 -1 -1 -1 -1 1000 1000
 1000 1000 2000 2000 2000 2000 2000 2000 2000 2000
 2000 2000 2000 2000 2000 2000 2000 2000 1000 1000
 1000 1000 -1 -1 -1 1000 1000 1000 1000 2000
 2000 2000 2000 2000 2000 2000 2000 2000 2000 2000
 2000 2000 2000 2000 2000 2000 2000 1000 1000 1000
 1000 -1 1000 1000 1000 1000 1000 2000 2000 2000
 2000 2000 2000 2000 2000 2000 2000 2000 2000 2000
 2000 2000 2000 2000 2000 1000 1000 1000 1000 1000
 1000 1000 1000 1000 2000 2000 2000 2000 2000 2000
 2000 2000 2000 2000 2000 2000 2000 2000 2000 2000
 2000 2000 2000 2000 1000 1000 1000 1000 1000 1000
 1000 1000 2000 2000 2000 2000 2000 2000 2000 2000
 2000 2000 2000 2000 2000 2000 2000 2000 2000 2000
 2000 2000 1000 1000 1000 1000 1000 1000 1000 1000
 2000 2000 2000 2000 2000 2000 2000 2000 2000 2000
 2000 2000 2000 2000 2000 2000 2000 2000 2000 2000
 1000 1000 1000 1000 1000 1000 1000 1000 2000 2000
 2000 2000 2000 2000 2000 2000 2000 -1 -1 2000
 2000 2000 2000 2000 2000 2000 2000 2000 1000 1000
 1000 1000 1000 1000 1000 1000 2000 2000 2000 2000
 2000 2000 2000 2000 2000 -1 -1 2000 2000 2000
 2000 2000 2000 2000 2000 2000 1000 1000 1000 1000
 1000 1000 1000 1000 2000 2000 2000 2000 2000 2000
 2000 2000 2000 2000 2000 2000 2000 2000 2000 2000
 2000 2000 2000 2000 1000 1000 1000 1000 1000 1000
 1000 1000 2000 2000 2000 2000 2000 2000 2000 2000
 2000 2000 2000 2000 2000 2000 2000 2000 2000 2000
 2000 2000 1000 1000 1000 1000 1000 1000 1000 1000
 2000 2000 2000 2000 2000 2000 2000 2000 2000 2000
 2000 2000 2000 2000 2000 2000 2000 2000 2000 2000
 1000 1000 1000 1000 1000 1000 1000 1000 1000 2000
 2000 2000 2000 2000 2000 2000 2000 2000 2000 2000
 2000 2000 2000 2000 2000 2000 2000 1000 1000 1000
 1000 1000 -1 1000 1000 1000 1000 2000 2000 2000
 2000 2000 2000 2000 2000 2000 2000 2000 2000 2000
 2000 2000 2000 2000 2000 1000 1000 1000 1000 -1
 -1 -1 1000 1000 1000 1000 2000 2000 2000 2000
 2000 2000 2000 2000 2000 2000 2000 2000 2000 2000
 2000 2000 1000 1000 1000 1000 -1 -1 -1 -1
 1000 1000 1000 1000 1000 2000 2000 2000 2000 2000
 2000 2000 2000 2000 2000 2000 2000 2000 2000 1000
 1000 1000 1000 1000 -1 -1 -1 -1 -1 1000
 1000 1000 1000 1000 2000 2000 2000 2000 2000 2000
 2000 2000 2000 2000 2000 2000 1000 1000 1000 1000
 1000 -1 -1 -1 -1 -1 -1 -1 1000 1000
 1000 1000 1000 1000 2000 2000 2000 2000 2000 2000
 2000 2000 1000 1000 1000 1000 1000 1000 -1 -1
 -1 -1 -1 -1 -1 -1 -1 1000 1000 1000
 1000 1000 1000 1000 1000 1000 1000 1000 1000 1000
 1000 1000 1000 1000 1000 -1 -1 -1 -1 -1
 -1 -1 -1 -1 -1 -1 1000 1000 1000 1000
 1000 1000 1000 1000 1000 1000 1000 1000 1000 1000
 1000 1000 -1 -1 -1 -1 -1 -1 -1 -1
 -1 -1 -1 -1 -1 -1 1000 1000 1000 1000
 1000 1000 1000 1000 1000 1000 1000 1000 -1 -1
 -1 -1 -1 -1 -1 -1 -1 -1 -1 -1
 -1 -1 -1 -1 -1 1000 1000 1000 1000 1000
 1000 1000 1000 1000 1000 -1 -1 -1 -1 -1
 -1 -1 -1 -1
A 853256572
 -1 -1 -1 -1 -1 -1 -1 -1 -1 1000
 1000 1000 1000 1000 1000 1000 1000 1000 1000 -1
 -1 -1 -1 -1 -1 -1 -1 -1 -1 -1
 -1 -1 -1 -1 -1 -1 1000 1000 1000 1000
 1000 1000 1000 1000 1000 1000 1000 1000 -1 -1
 -1 -1 -1 -1 -1 -1 -1 -1 -1 -1
 -1 -1 1000 1000 1000 1000 1000 1000 1000 1000
 1000 1000 1000 1000 1000 1000 1000 1000 -1 -1
 -1 -1 -1 -1 -1 -1 -1 -1 -1 1000
 1000 1000 1000 1000 1000 1000 1000 1000 1000 1000
 1000 1000 1000 1000 1000 1000 1000 -1 -1 -1
 -1 -1 -1 -1 -1 -1 1000 1000 1000 1000
 1000 1000 1000 1000 1000 1000 1000 1000 1000 1000
 1000 1000 1000 1000 1000 1000 -1 -1 -1 -1
 -1 -1 -1 1000 1000 1000 1000 1000 1000 1000
 1000 1000 1000 1000 1000 1000 1000 1000 1000 1000
 1000 1000 1000 1000 1000 -1 -1 -1 -1 -1
 1000 1000 1000 1000 1000 1000 1000 1000 1000 1000
 1000 1000 1000 1000 1000 1000 1000 1000 1000 1000
 1000 1000 1000 1000 -1 -1 -1 -1 1000 1000
 1000 1000 1000 1000 1000 1000 1000 1000 1000 1000
 1000 1000 1000 1000 1000 1000 1000 1000 1000 1000
 1000 1000 -1 -1 -1 1000 1000 1000 1000 1000
 1000 1000 1000 1000 1000 1000 1000 1000 1000 1000
 1000 1000 1000 1000 1000 1000 1000 1000 1000 1000
 1000 -1 1000 1000 1000 1000 1000 1000 1000 1000
 1000 1000 1000 1000 1000 1000 1000 1000 1000 1000
 1000 1000 1000 1000 1000 1000 1000 1000 1000 1000
 1000 1000 1000 1000 1000 1000 1000 1000 1000 1000
 1000 1000 1000 1000 1000 1000 1000 1000 1000 1000
 1000 1000 1000 1000 1000 1000 1000 1000 1000 1000
 1000 1000 1000 1000 1000 1000 1000 1000 1000 1000
 1000 1000 1000 1000 1000 1000 1000 1000 1000 1000
 1000 1000 1000 1000 1000 1000 1000 1000 1000 1000
 1000 1000 1000 1000 1000 1000 1000 1000 1000 1000
 1000 1000 1000 1000 1000 1000 1000 1000 1000 1000
 1000 1000 1000 1000 1000 1000 1000 1000 1000 1000
 1000 1000 1000 1000 1000 1000 1000 -1 -1 1000
 1000 1000 1000 1000 1000 1000 1000 1000 1000 1000
 1000 1000 1000 1000 1000 1000 1000 1000 1000 1000
 1000 1000 1000 1000 1000 -1 -1 1000 1000 1000
 2000 1000 1000 1000 1000 1000 1000 1000 1000 1000
 1000 1000 1000 1000 1000 1000 1000 1000 1000 1000
 1000 1000 1000 1000 1000 1000 1000 1000 1000 1000
 1000 1000 1000 1000 1000 1000 1000 1000 1000 1000
 1000 1000 1000 1000 1000 1000 1000 1000 1000 1000
 1000 1000 1000 1000 1000 1000 1000 1000 1000 1000
 1000 1000 1000 1000 1000 1000 1000 1000 1000 1000
 1000 1000 1000 1000 1000 1000 1000 1000 1000 1000
 1000 1000 1000 1000 1000 1000 1000 1000 1000 1000
 1000 1000 1000 1000 1000 1000 1000 1000 1000 1000
 1000 1000 1000 1000 1000 1000 1000 1000 1000 1000
 1000 1000 1000 1000 1000 1000 1000 1000 1000 1000
 1000 1000 -1 1000 1000 1000 1000 1000 1000 1000
 1000 1000 1000 1000 1000 1000 1000 1000 1000 1000
 1000 1000 1000 1000 1000 1000 1000 1000 1000 -1
 -1 -1 1000 1000 1000 1000 1000 1000 1000 1000
 1000 1000 1000 1000 1000 1000 1000 1000 1000 1000
 1000 1000 1000 1000 1000 1000 -1 -1 -1 -1
 1000 1000 1000 1000 1000 1000 1000 1000 1000 1000
 1000 1000 1000 1000 1000 1000 1000 1000 1000 1000
 1000 1000 1000 1000 -1 -1 -1 -1 -1 1000
 1000 1000 1000 1000 1000 1000 1000 1000 1000 1000
 1000 1000 1000 1000 1000 1000 1000 1000 1000 1000
 1000 -1 -1 -1 -1 -1 -1 -1 1000 1000
 1000 1000 1000 1000 1000 1000 1000 1000 1000 1000
 1000 1000 1000 1000 1000 1000 1000 1000 -1 -1
 -1 -1 -1 -1 -1 -1 -1 1000 1000 1000
 1000 1000 1000 1000 1000 1000 1000 1000 1000 1000
 1000 1000 1000 1000 1000 -1 -1 -1 -1 -1
 -1 -1 -1 -1 -1 -1 1000 1000 1000 1000
 1000 1000 1000 1000 1000 1000 1000 1000 1000 1000
 1000 1000 -1 -1 -1 -1 -1 -1 -1 -1
 -1 -1 -1 -1 -1 -1 1000 1000 1000 1000
 1000 1000 1000 1000 1000 1000 1000 1000 -1 -1
 -1 -1 -1 -1 -1 -1 -1 -1 -1 -1
 -1 -1 -1 -1 -1 1000 1000 1000 1000 1000
 1000 1000 1000 1000 1000 -1 -1 -1 -1 -1
 -1 -1 -1 -1
A 853254833
 -1 -1 -1 -1 -1 -1 -1 -1 -1 1000
 1000 1000 1000 1000 1000 1000 1000 1000 1000 -1
 -1 -1 -1 -1 -1 -1 -1 -1 -1 -1
 -1 -1 -1 -1 -1 -1 1000 1000 1000 1000
 1000 1000 1000 1000 1000 1000 1000 1000 -1 -1
 -1 -1 -1 -1 -1 -1 -1 -1 -1 -1
 -1 -1 1000 1000 1000 1000 1000 1000 1000 1000
 1000 1000 1000 1000 1000 1000 1000 1000 -1 -1
 -1 -1 -1 -1 -1 -1 -1 -1 -1 1000
 1000 1000 1000 1000 1000 1000 1000 1000 1000 1000
 1000 1000 1000 1000 1000 1000 1000 -1 -1 -1
 -1 -1 -1 -1 -1 -1 1000 1000 1000 1000
 1000 1000 1000 1000 1000 1000 1000 1000 1000 1000
 1000 1000 1000 1000 1000 1000 -1 -1 -1 -1
 -1 -1 -1 1000 1000 1000 1000 1000 1000 1000
 1000 1000 1000 1000 1000 1000 1000 1000 1000 1000
 1000 1000 1000 1000 1000 -1 -1 -1 -1 -1
 1000 1000 1000 1000 1000 1000 1000 1000 1000 1000
 1000 1000 1000 1000 1000 1000 1000 1000 1000 1000
 1000 1000 1000 1000 -1 -1 -1 -1 1000 1000
 1000 1000 1000 1000 1000 1000 1000 1000 1000 1000
 1000 1000 1000 1000 1000 1000 1000 1000 1000 1000
 1000 1000 -1 -1 -1 1000 1000 1000 1000 1000
 1000 1000 1000 1000 1000 1000 1000 1000 1000 1000
 1000 1000 1000 1000 1000 1000 1000 1000 1000 1000
 1000 -1 1000 1000 1000 1000 1000 1000 1000 1000
 1000 1000 1000 1000 1000 1000 1000 1000 1000 1000
 1000 1000 1000 1000 1000 1000 1000 1000 1000 1000
 1000 1000 1000 1000 1000 1000 1000 1000 1000 1000
 1000 1000 1000 1000 1000 1000 1000 1000 1000 1000
 1000 1000 1000 1000 1000 1000 1000 1000 1000 1000
 1000 1000 1000 1000 1000 1000 1000 1000 1000 1000
 1000 1000 1000 1000 1000 1000 1000 1000 1000 1000
 1000 1000 1000 1000 1000 1000 1000 1000 1000 1000
 1000 1000 1000 1000 1000 1000 1000 1000 1000 1000
 1000 1000 1000 1000 1000 1000 1000 1000 1000 1000
 1000 1000 1000 1000 1000 1000 1000 1000 1000 1000
 1000 1000 1000 1000 1000 1000 1000 -1 -1 1000
 1000 1000 1000 1000 1000 1000 1000 1000 1000 1000
 1000 1000 1000 1000 1000 1000 1000 1000 1000 1000
 1000 1000 1000 1000 1000 -1 -1 1000 1000 1000
 1000 1000 1000 1000 1000 1000 1000 1000 1000 1000
 1000 1000 1000 1000 1000 1000 1000 1000 1000 1000
 1000 1000 1000 1000 1000 1000 1000 1000 1000 1000
 1000 1000 1000 1000 1000 1000 1000 1000 1000 1000
 1000 1000 1000 1000 1000 1000 1000 1000 1000 1000
 1000 1000 1000 1000 1000 1000 1000 1000 1000 1000
 1000 1000 1000 1000 1000 1000 1000 1000 1000 1000
 1000 1000 1000 1000 1000 1000 1000 1000 1000 1000
 1000 1000 1000 1000 1000 1000 1000 1000 1000 1000
 1000 1000 1000 1000 1000 1000 1000 1000 1000 1000
 1000 1000 1000 1000 1000 1000 1000 1000 1000 1000
 1000 1000 1000 1000 1000 1000 1000 1000 1000 1000
 1000 1000 -1 1000 1000 1000 1000 1000 1000 1000
 1000 1000 1000 1000 1000 1000 1000 1000 1000 1000
 1000 1000 1000 1000 1000 1000 1000 1000 1000 -1
 -1 -1 1000 1000 1000 1000 1000 1000 1000 1000
 1000 1000 1000 1000 1000 1000 1000 1000 1000 1000
 1000 1000 1000 1000 1000 1000 -1 -1 -1 -1
 1000 1000 1000 1000 1000 1000 1000 1000 1000 1000
 1000 1000 1000 1000 1000 1000 1000 1000 1000 1000
 1000 1000 1000 1000 -1 -1 -1 -1 -1 1000
 1000 1000 1000 1000 1000 1000 1000 1000 1000 1000
 1000 1000 1000 1000 1000 1000 1000 1000 1000 1000
 1000 -1 -1 -1 -1 -1 -1 -1 1000 1000
 1000 1000 1000 1000 1000 1000 1000 1000 1000 1000
 1000 1000 1000 1000 1000 1000 1000 1000 -1 -1
 -1 -1 -1 -1 -1 -1 -1 1000 1000 1000
 1000 1000 1000 1000 1000 1000 1000 1000 1000 1000
 1000 1000 1000 1000 1000 -1 -1 -1 -1 -1
 -1 -1 -1 -1 -1 -1 1000 1000 1000 1000
 1000 1000 1000 1000 1000 1000 1000 1000 1000 1000
 1000 1000 -1 -1 -1 -1 -1 -1 -1 -1
 -1 -1 -1 -1 -1 -1 1000 1000 1000 1000
 1000 1000 1000 1000 1000 1000 1000 1000 -1 -1
 -1 -1 -1 -1 -1 -1 -1 -1 -1 -1
 -1 -1 -1 -1 -1 1000 1000 1000 1000 1000
 1000 1000 1000 1000 1000 -1 -1 -1 -1 -1
 -1 -1 -1 -1
A 852817277
 -1 -1 -1 -1 -1 -1 -1 -1 -1 -1
 -1 -1 -1 -1 -1 -1 -1 -1 -1 -1
 -1 -1 -1 -1 -1 -1 -1 -1 -1 -1
 -1 -1 -1 -1 -1 -1 -1 -1 -1 -1
 -1 -1 -1 -1 -1 -1 -1 -1 -1 -1
 -1 -1 -1 -1 -1 -1 -1 -1 -1 -1
 -1 -1 -1 -1 -1 -1 -1 -1 -1 -1
 -1 -1 -1 -1 -1 -1 -1 -1 -1 -1
 -1 -1 -1 -1 -1 -1 -1 -1 -1 -1
 -1 -1 -1 -1 -1 -1 -1 -1 -1 -1
 -1 -1 -1 -1 -1 -1 -1 -1 -1 -1
 -1 -1 -1 -1 -1 -1 -1 -1 -1 -1
 -1 -1 -1 -1 -1 -1 -1 -1 -1 -1
 -1 -1 -1 -1 -1 -1 -1 -1 -1 -1
 -1 -1 -1 -1 -1 -1 -1 -1 -1 -1
 -1 -1 -1 -1 -1 -1 -1 -1 -1 -1
 -1 -1 -1 -1 -1 -1 -1 -1 -1 -1
 -1 -1 -1 -1 -1 -1 -1 -1 -1 -1
 -1 -1 -1 -1 -1 -1 -1 -1 -1 -1
 -1 -1 -1 -1 -1 -1 -1 -1 -1 -1
 -1 -1 -1 -1 -1 -1 -1 -1 -1 -1
 -1 -1 -1 -1 -1 -1 -1 -1 -1 -1
 -1 -1 -1 -1 -1 -1 -1 -1 -1 -1
 -1 -1 -1 -1 -1 -1 -1 -1 -1 -1
 -1 -1 -1 -1 -1 -1 -1 -1 -1 -1
 -1 -1 -1 -1 -1 -1 -1 -1 -1 -1
 -1 -1 -1 -1 -1 -1 -1 -1 -1 -1
 -1 -1 -1 -1 -1 -1 -1 -1 -1 -1
 -1 -1 -1 -1 -1 -1 -1 -1 -1 -1
 -1 -1 -1 -1 -1 -1 -1 -1 -1 -1
 -1 -1 -1 -1 -1 -1 -1 -1 -1 -1
 -1 -1 -1 -1 -1 -1 -1 -1 -1 -1
 -1 -1 -1 -1 -1 -1 -1 -1 -1 -1
 -1 -1 -1 -1 -1 -1 -1 -1 -1 -1
 -1 -1 -1 -1 -1 -1 -1 -1 -1 -1
 -1 -1 -1 -1 -1 -1 -1 -1 -1 -1
 -1 -1 -1 -1 -1 -1 -1 -1 -1 -1
 -1 -1 -1 -1 -1 -1 -1 -1 -1 -1
 -1 -1 -1 -1 -1 -1 -1 -1 -1 -1
 -1 -1 -1 -1 -1 -1 -1 -1 -1 -1
 -1 -1 -1 -1 -1 -1 -1 -1 -1 -1
 -1 -1 -1 -1 -1 -1 -1 -1 -1 -1
 -1 -1 -1 -1 -1 -1 -1 -1 -1 -1
 -1 -1 -1 -1 -1 -1 -1 -1 -1 -1
 -1 -1 -1 -1 -1 -1 -1 -1 -1 -1
 -1 -1 -1 -1 -1 -1 -1 -1 -1 -1
 -1 -1 -1 -1 -1 -1 -1 -1 -1 -1
 -1 -1 -1 -1 -1 -1 -1 -1 -1 -1
 -1 -1 -1 -1 -1 -1 -1 -1 -1 -1
 -1 -1 -1 -1 -1 -1 -1 -1 -1 -1
 -1 -1 -1 -1 -1 -1 -1 -1 -1 -1
 -1 -1 -1 -1 -1 -1 -1 -1 -1 -1
 -1 -1 -1 -1 -1 -1 -1 -1 -1 -1
 -1 -1 -1 -1 -1 -1 -1 -1 -1 -1
 -1 -1 -1 -1 -1 -1 -1 -1 -1 -1
 -1 -1 -1 -1 -1 -1 -1 -1 -1 -1
 -1 -1 -1 -1 -1 -1 -1 -1 -1 -1
 -1 -1 -1 -1 -1 -1 -1 -1 -1 -1
 -1 -1 -1 -1 -1 -1 -1 -1 -1 -1
 -1 -1 -1 -1 -1 -1 -1 -1 -1 -1
 -1 -1 -1 -1 -1 -1 -1 -1 -1 -1
 -1 -1 -1 -1 -1 -1 -1 -1 -1 -1
 -1 -1 -1 -1 -1 -1 -1 -1 -1 -1
 -1 -1 -1 -1 -1 -1 -1 -1 -1 -1
 -1 -1 -1 -1 -1 -1 -1 -1 -1 -1
 -1 -1 -1 -1 -1 -1 -1 -1 -1 -1
 -1 -1 -1 -1 -1 -1 -1 -1 -1 -1
 -1 -1 -1 -1 -1 -1 -1 -1 -1 -1
 -1 -1 -1 -1 -1 -1 -1 -1 -1 -1
 -1 -1 -1 -1 -1 -1 -1 -1 -1 -1
 -1 -1 -1 -1 -1 -1 -1 -1 -1 -1
 -1 -1 -1 -1 -1 -1 -1 -1 -1 -1
 -1 -1 -1 -1 -1 -1 -1 -1 -1 -1
 -1 -1 -1 -1 -1 -1 -1 -1 -1 -1
 -1 -1 -1 -1 -1 -1 -1 -1 -1 -1
 -1 -1 -1 -1 -1 -1 -1 -1 -1 -1
 -1 -1 -1 -1 -1 -1 -1 -1 -1 -1
 -1 -1 -1 -1 -1 -1 -1 -1 -1 -1
 -1 -1 -1 -1
E
E
E
